50.4660912,4.4180279,0.1
50.4660912,4.4180279,-0.02
50.4660912,4.4180298,-0.02
50.4660912,4.4180298,-0.12
50.4660912,4.4180312,-0.03
50.4660912,4.4180312,-0.03
50.4660912,4.4180331,0.03
50.4660912,4.418035,0.03
50.4660912,4.418035,0.12
50.4660912,4.4180431,0.17
50.4660912,4.4180446,0.17
50.4660912,4.4180465,-0.12
50.4660912,4.4180498,-0.12
50.4660912,4.4180512,0.01
50.4660912,4.4180532,0.01
50.4660912,4.4180532,0.12
50.4660912,4.4180598,0.12
50.4660912,4.4180632,0.12
50.466095,4.4180665,0.05
50.466095,4.4180679,0.05
50.466095,4.4180713,0.1
50.466095,4.4180713,-0.05
50.466095,4.4180732,-0.05
50.466095,4.4180746,0.02
50.4660988,4.4180746,0.02
50.4660988,4.4180765,-0.04
50.4660988,4.4180765,-0.04
50.4661026,4.4180765,0.05
50.4661026,4.4180765,0.17
50.4661026,4.4180779,0.17
50.4661026,4.4180779,0.18
50.4661064,4.4180779,0.18
50.4661064,4.4180794,0.14
50.4661102,4.4180818,0.29
50.4661102,4.4180818,0.29
50.466114,4.4180865,0.24
50.466114,4.4180865,0.24
50.4661179,4.4180913,0.16
50.4661179,4.4180946,0.16
50.4661179,4.4180946,0.1
50.4661217,4.4180965,0.16
50.4661217,4.418098,0.16
50.4661255,4.4180994,0.28
50.4661255,4.4181018,0.28
50.4661255,4.4181032,0.06
50.4661255,4.4181066,0.14
50.4661255,4.418108,0.14
50.4661255,4.4181113,0.39
50.4661293,4.4181166,0.39
50.4661293,4.4181194,0.52
50.4661293,4.4181232,0.52
50.4661293,4.4181266,0.44
50.4661293,4.4181294,0.43
50.4661293,4.4181347,0.43
50.4661331,4.418138,0.38
50.4661331,4.4181395,0.38
50.4661369,4.4181433,0.29
50.4661369,4.4181466,0.19
50.4661369,4.418148,0.19
50.4661407,4.4181533,0.17
50.4661407,4.4181533,0.17
50.4661407,4.4181666,0.43
50.4661407,4.4181695,0.43
50.4661407,4.4181781,0.19
50.4661407,4.4181848,0.21
50.4661446,4.4181895,0.21
50.4661446,4.4181948,0.12
50.4661446,4.4181995,0.12
50.4661446,4.4182048,0.13
50.4661446,4.4182096,-0.05
50.4661446,4.4182148,-0.05
50.4661484,4.4182196,-0.01
50.4661484,4.4182248,-0.01
50.4661484,4.4182281,-0.17
50.4661484,4.4182334,-0.17
50.4661484,4.4182334,-0.14
50.4661522,4.418251,-0.25
50.4661522,4.4182563,-0.25
50.4661522,4.4182615,-0.15
50.4661522,4.4182663,-0.15
50.4661522,4.4182711,-0.22
50.4661522,4.4182763,-0.02
50.4661522,4.4182796,-0.02
50.4661522,4.4182849,0.14
50.4661522,4.4182882,0.14
50.4661522,4.418293,0.16
50.4661522,4.4182978,0.16
50.4661522,4.4183016,0.02
50.4661522,4.4183078,-0.04
50.4661522,4.4183164,-0.04
50.4661522,4.4183216,0.16
50.4661522,4.4183249,0.16
50.4661522,4.4183278,-0.05
50.4661522,4.4183331,0.13
50.4661522,4.4183364,0.13
50.4661522,4.4183416,-0.06
50.4661522,4.418345,-0.06
50.4661522,4.4183464,-0.13
50.4661522,4.4183464,-0.13
50.4661522,4.4183631,0.01
50.4661522,4.4183664,0.03
50.4661522,4.4183717,0.03
50.4661522,4.4183764,-0.1
50.4661522,4.4183798,-0.1
50.4661522,4.4183817,0.08
50.4661522,4.418385,0.1
50.4661522,4.418385,0.1
50.466156,4.4183931,0
50.466156,4.4183965,0
50.466156,4.4183998,-0.02
50.4661598,4.4184012,-0.02
50.4661636,4.4184046,0.16
50.4661636,4.4184079,0.1
50.4661636,4.4184098,0.1
50.4661674,4.4184165,0.28
50.4661674,4.4184198,0.32
50.4661674,4.4184217,0.42
50.4661674,4.4184246,0.63
50.4661636,4.4184279,0.63
50.4661636,4.4184313,0.45
50.4661636,4.4184346,0.45
50.4661636,4.418438,0.67
50.4661636,4.4184432,0.67
50.4661674,4.4184513,0.62
50.4661674,4.4184566,0.27
50.4661713,4.4184632,0.27
50.4661713,4.418468,0.2
50.4661713,4.4184747,-0.04
50.4661713,4.4184794,-0.04
50.4661713,4.4184866,0.07
50.4661713,4.4184914,0.07
50.4661751,4.4184966,0.05
50.4661751,4.4185014,0.05
50.4661789,4.4185047,0.09
50.4661789,4.4185095,0.09
50.4661789,4.4185147,-0.1
50.4661827,4.4185181,-0.19
50.4661827,4.4185233,-0.19
50.4661827,4.4185262,-0.03
50.4661865,4.4185314,-0.03
50.4661865,4.4185362,-0.06
50.4661865,4.4185414,-0.05
50.4661903,4.4185481,-0.05
50.4661903,4.4185534,0.19
50.4661942,4.4185581,0.19
50.4661942,4.4185596,0.12
50.4662018,4.4185648,0.12
50.4662018,4.4185681,0.33
50.4662056,4.418571,-0.01
50.4662094,4.4185796,-0.01
50.4662094,4.4185834,-0.07
50.4662132,4.4185863,-0.07
50.466217,4.4185896,-0.02
50.466217,4.418591,-0.07
50.4662209,4.4185948,-0.07
50.4662247,4.4185963,0.1
50.4662285,4.4186015,0.1
50.4662323,4.4186049,-0.02
50.4662323,4.4186049,-0.02
50.4662361,4.4186134,-0.03
50.4662361,4.4186149,0.01
50.4662437,4.4186163,0.01
50.4662437,4.4186196,0.03
50.4662514,4.4186215,0.03
50.4662514,4.418623,-0.07
50.4662552,4.418623,-0.05
50.4662552,4.4186249,-0.05
50.466259,4.4186249,0.05
50.4662628,4.4186263,0.05
50.4662666,4.4186249,-0.04
50.4662704,4.4186249,-0.04
50.4662704,4.4186249,-0.04
50.4662704,4.4186263,-0.08
50.4662743,4.4186263,-0.08
50.4662781,4.4186263,0.13
50.4662857,4.4186282,0.13
50.4662857,4.4186282,0.27
50.4662895,4.4186296,0.24
50.4662895,4.4186296,0.24
50.4662933,4.4186311,0.03
50.4662933,4.418633,0.03
50.4662971,4.4186349,0.21
50.466301,4.4186349,0.21
50.4663048,4.4186363,0
50.4663086,4.4186382,0.13
50.4663086,4.4186397,0.13
50.4663124,4.4186416,0.43
50.4663124,4.418643,0.43
50.4663162,4.4186449,0.27
50.4663239,4.4186463,0.26
50.4663277,4.4186478,0.26
50.4663277,4.4186497,0.28
50.4663315,4.4186511,0.28
50.4663315,4.4186511,0.19
50.4663353,4.418653,0.19
50.4663353,4.418653,0.13
50.4663391,4.418653,0.12
50.4663429,4.4186549,0.12
50.4663506,4.4186563,0.05
50.4663506,4.4186563,0.05
50.4663582,4.4186563,0.21
50.466362,4.4186578,0.28
50.4663658,4.4186597,0.28
50.4663696,4.4186616,0.23
50.4663696,4.4186616,0.23
50.4663734,4.418663,0.49
50.4663773,4.4186649,0.22
50.4663811,4.4186664,0.29
50.4663887,4.4186678,0.29
50.4663887,4.4186711,0.24
50.4663925,4.418673,0.24
50.4663963,4.4186749,0.29
50.4664001,4.4186764,0.11
50.466404,4.4186764,0.11
50.4664078,4.4186778,0.14
50.4664078,4.4186797,0.14
50.4664116,4.4186797,0.51
50.4664154,4.4186797,0.51
50.4664192,4.4186797,0.52
50.466423,4.4186797,0.53
50.4664268,4.4186816,0.53
50.4664307,4.4186816,0.43
50.4664307,4.4186831,0.43
50.4664345,4.418685,0.44
50.4664383,4.418685,0.32
50.4664459,4.418685,0.32
50.4664497,4.4186864,0.33
50.4664497,4.4186864,0.33
50.4664536,4.4186864,0.25
50.4664574,4.4186864,0.25
50.4664612,4.4186864,0.43
50.466465,4.4186878,0.3
50.4664688,4.4186897,0.3
50.4664688,4.4186897,0.48
50.4664726,4.4186912,0.48
50.4664764,4.4186931,0.23
50.4664841,4.4186931,0.43
50.4664879,4.418695,0.43
50.4664879,4.4186964,0.48
50.4664917,4.4186978,0.48
50.4664993,4.4186978,0.41
50.4665031,4.4186997,0.41
50.466507,4.4186997,0.23
50.466507,4.4187016,0.19
50.4665108,4.4187016,0.19
50.4665108,4.4187031,0.29
50.4665146,4.418705,0.29
50.4665222,4.4187064,0.25
50.466526,4.4187064,0.34
50.4665298,4.4187078,0.34
50.4665337,4.4187078,0.28
50.4665375,4.4187098,0.28
50.4665413,4.4187098,0.31
50.4665413,4.4187078,0.31
50.4665451,4.4187078,0.4
50.4665489,4.4187078,0.08
50.4665489,4.4187078,0.08
50.4665527,4.4187078,0.25
50.4665565,4.4187098,0.25
50.4665642,4.4187098,0.28
50.466568,4.4187112,0.39
50.466568,4.4187112,0.39
50.466568,4.4187131,0.55
50.4665756,4.418715,0.55
50.4665794,4.4187164,0.23
50.4665794,4.4187179,0.23
50.4665833,4.4187179,0.41
50.4665871,4.4187198,0.28
50.4665871,4.4187198,0.28
50.4665909,4.4187217,0.33
50.4665947,4.4187217,0.33
50.4665947,4.4187217,0.22
50.4665985,4.4187198,0.43
50.4666061,4.4187179,0.43
50.4666061,4.4187164,0.32
50.46661,4.418715,0.32
50.4666138,4.4187131,0.41
50.4666176,4.4187112,0.41
50.4666214,4.4187098,0.32
50.4666214,4.4187078,0.23
50.4666252,4.4187064,0.23
50.466629,4.418705,0.41
50.466629,4.4187031,0.41
50.466629,4.4187031,0.23
50.4666367,4.4187016,0.25
50.4666367,4.4186997,0.25
50.4666443,4.4186978,0.41
50.4666443,4.4186964,0.41
50.4666481,4.4186931,0.13
50.4666481,4.4186912,0.13
50.4666519,4.4186897,0.16
50.4666519,4.4186878,0.31
50.4666557,4.4186878,0.31
50.4666595,4.4186878,0.35
50.4666595,4.4186864,0.35
50.4666634,4.4186864,0.44
50.4666672,4.418685,0.36
50.466671,4.418685,0.36
50.4666748,4.4186831,0.28
50.4666786,4.4186816,0.28
50.4666824,4.4186816,0.28
50.4666862,4.4186797,0.28
50.4666862,4.4186797,0.29
50.4666901,4.4186797,0.29
50.4666939,4.4186778,0.29
50.4666977,4.4186778,0.58
50.4666977,4.4186778,0.58
50.4667015,4.4186778,0.58
50.4667015,4.4186778,0.31
50.4667015,4.4186778,0.31
50.4667053,4.4186778,0.44
50.4667053,4.4186778,0.44
50.4667091,4.4186778,0.49
50.4667091,4.4186778,0.45
50.466713,4.4186778,0.45
50.466713,4.4186778,0.27
50.466713,4.4186797,0.27
50.4667168,4.4186778,0.41
50.4667206,4.4186764,0.41
50.4667206,4.4186764,0.28
50.4667244,4.4186764,0.33
50.4667282,4.418673,0.33
50.4667358,4.4186697,0.55
50.4667397,4.4186678,0.55
50.4667435,4.4186678,0.42
50.4667473,4.4186649,0.4
50.4667511,4.418663,0.4
50.4667549,4.4186616,0.37
50.4667549,4.4186597,0.37
50.4667587,4.4186578,0.34
50.4667625,4.4186563,0.34
50.4667625,4.4186549,0.59
50.4667664,4.418653,0.44
50.4667664,4.4186497,0.44
50.4667664,4.4186463,0.17
50.4667702,4.418643,0.17
50.4667702,4.4186397,0.37
50.4667778,4.4186382,0.35
50.4667816,4.4186382,0.35
50.4667854,4.4186349,0.38
50.4667931,4.4186311,0.38
50.4667969,4.4186263,0.21
50.4668007,4.418623,0.21
50.4668045,4.4186196,0.12
50.4668045,4.4186196,0.19
50.4668121,4.4186196,0.19
50.4668198,4.4186196,0.51
50.4668236,4.4186196,0.51
50.4668312,4.418623,0.41
50.466835,4.4186249,0.46
50.4668427,4.4186263,0.46
50.4668465,4.4186282,0.5
50.4668465,4.4186311,0.5
50.4668503,4.418633,0.47
50.4668541,4.4186349,0.47
50.4668541,4.4186363,0.34
50.4668579,4.4186382,0.22
50.4668617,4.4186382,0.22
50.4668655,4.4186397,0.37
50.4668655,4.4186416,0.37
50.4668655,4.418643,0.46
50.4668694,4.4186449,0.33
50.4668732,4.4186449,0.33
50.4668732,4.4186463,0.27
50.4668732,4.4186463,0.27
50.4668732,4.4186463,0.4
50.466877,4.4186463,0.4
50.466877,4.4186478,0.36
50.466877,4.4186478,0.31
50.4668808,4.4186478,0.31
50.4668808,4.4186478,0.27
50.4668846,4.4186478,0.27
50.4668846,4.4186478,0.43
50.4668846,4.4186463,0.37
50.4668846,4.4186463,0.37
50.4668846,4.4186449,0.42
50.4668846,4.418643,0.42
50.4668884,4.418643,0.39
50.4668922,4.418643,0.39
50.4668961,4.418643,0.37
50.4668961,4.418643,0.65
50.4668999,4.418643,0.65
50.4668999,4.418643,0.69
50.4669075,4.4186416,0.69
50.4669113,4.4186397,0.44
50.4669113,4.4186397,0.36
50.4669151,4.4186397,0.36
50.4669189,4.4186397,0.14
50.4669228,4.4186382,0.14
50.4669266,4.4186382,0.38
50.4669266,4.4186382,0.38
50.4669304,4.4186363,0.35
50.4669342,4.4186363,0.51
50.466938,4.4186363,0.51
50.466938,4.4186349,0.42
50.4669418,4.418633,0.42
50.4669456,4.4186311,0.59
50.4669456,4.4186296,0.3
50.4669495,4.4186282,0.3
50.4669533,4.4186249,0.59
50.4669571,4.418623,0.59
50.4669647,4.4186215,0.53
50.4669647,4.4186182,0.53
50.4669685,4.4186163,0.75
50.4669724,4.4186134,0.73
50.4669762,4.418611,0.73
50.46698,4.4186082,0.64
50.4669838,4.4186049,0.64
50.4669838,4.4186015,0.68
50.4669876,4.4185982,0.7
50.4669914,4.4185948,0.7
50.4669991,4.4185934,0.47
50.4669991,4.4185896,0.47
50.4670029,4.4185863,0.52
50.4670067,4.4185848,0.52
50.4670067,4.4185848,0.62
50.4670067,4.4185834,0.58
50.4670105,4.4185834,0.58
50.4670105,4.4185815,0.46
50.4670105,4.4185796,0.41
50.4670143,4.4185796,0.41
50.4670181,4.4185796,0.53
50.4670181,4.4185796,0.66
50.4670219,4.4185815,0.66
50.4670258,4.4185848,0.62
50.4670258,4.4185863,0.62
50.4670258,4.4185882,0.55
50.4670296,4.4185882,0.35
50.4670296,4.4185882,0.42
50.4670334,4.4185896,0.34
50.4670334,4.4185896,0.34
50.4670372,4.4185882,0.28
50.467041,4.4185896,0.43
50.467041,4.418591,0.43
50.4670448,4.4185934,0.51
50.4670448,4.4185934,0.51
50.4670448,4.4185934,0.55
50.4670448,4.4185934,0.55
50.4670448,4.4185934,0.47
50.4670448,4.4185934,0.47
50.4670486,4.4185934,0.7
50.4670486,4.4185934,0.54
50.4670525,4.4185934,0.61
50.4670525,4.4185934,0.69
50.4670563,4.4185934,0.58
50.4670563,4.4185948,0.58
50.4670601,4.4185948,0.72
50.4670601,4.4185948,0.72
50.4670601,4.4185934,0.51
50.4670601,4.4185948,0.51
50.4670601,4.4185948,0.64
50.4670639,4.4185948,0.64
50.4670639,4.4185948,0.8
50.4670639,4.4185963,0.8
50.4670677,4.4185948,0.97
50.4670715,4.4185948,0.64
50.4670715,4.4185948,0.64
50.4670753,4.4185948,0.88
50.4670792,4.4185948,0.88
50.467083,4.4185948,0.58
50.467083,4.4185948,0.58
50.467083,4.4185948,0.51
50.4670868,4.4185948,0.79
50.4670868,4.4185948,0.79
50.4670906,4.4185948,0.58
50.4670906,4.4185948,0.69
50.4670944,4.4185934,0.69
50.4670944,4.4185934,0.73
50.4670982,4.418591,0.71
50.4671021,4.4185896,0.71
50.4671059,4.4185882,0.69
50.4671059,4.4185863,0.69
50.4671097,4.4185863,0.72
50.4671135,4.4185848,0.72
50.4671173,4.4185848,0.72
50.4671249,4.4185848,0.54
50.4671249,4.4185848,0.54
50.4671288,4.4185848,0.36
50.4671326,4.4185834,0.36
50.4671364,4.4185834,0.51
50.4671364,4.4185815,0.64
50.4671402,4.4185796,0.64
50.467144,4.4185781,0.68
50.4671478,4.4185781,0.68
50.4671478,4.4185781,0.57
50.4671555,4.4185734,0.57
50.4671593,4.4185734,0.73
50.4671631,4.418571,0.45
50.4671631,4.4185734,0.45
50.4671631,4.4185734,0.74
50.4671631,4.4185748,0.74
50.4671669,4.4185781,0.64
50.4671669,4.4185796,0.63
50.4671669,4.4185815,0.63
50.4671669,4.4185815,0.45
50.4671631,4.4185834,0.45
50.4671669,4.4185848,0.49
50.4671669,4.4185848,0.49
50.4671669,4.4185863,0.5
50.4671669,4.4185882,0.56
50.4671707,4.4185896,0.56
50.4671707,4.4185934,0.04
50.4671745,4.4185948,0.04
50.4671745,4.4185982,0.24
50.4671783,4.4186015,0.14
50.4671783,4.4186049,0.14
50.4671783,4.4186063,0.31
50.4671783,4.4186082,0.31
50.4671783,4.4186082,0.57
50.4671783,4.4186082,0.57
50.4671783,4.4186096,0.25
50.4671783,4.4186096,0.16
50.4671783,4.4186096,0.16
50.4671783,4.4186096,0.14
50.4671783,4.4186096,0.14
50.4671783,4.418611,0.27
50.4671783,4.418611,0.2
50.4671783,4.4186134,0.2
50.4671783,4.4186149,0.19
50.4671783,4.4186182,0.19
50.4671783,4.4186215,0.27
50.4671783,4.4186282,0.27
50.4671745,4.4186363,0.25
50.4671783,4.4186349,0.33
50.4671822,4.4186349,0.33
50.4671822,4.4186349,0.38
50.467186,4.4186363,0.38
50.467186,4.4186363,0.28
50.4671898,4.4186363,0.43
50.4671936,4.4186363,0.43
50.4671936,4.4186363,0.28
50.4671936,4.4186363,0.28
50.4671936,4.4186363,0.34
50.4671936,4.4186349,0.11
50.4671936,4.4186349,0.11
50.4671936,4.4186349,0.28
50.4671936,4.4186349,0.28
50.4671936,4.4186349,0.16
50.4671936,4.4186349,0.16
50.4671898,4.4186349,0.39
50.4671898,4.4186349,0.39
50.4671898,4.418633,0.39
50.4671898,4.418633,0.16
50.4671898,4.418633,0.16
50.4671898,4.418633,0.33
50.4671898,4.418633,0.24
50.4671898,4.418633,0.24
50.467186,4.418633,0.37
50.467186,4.418633,0.37
50.4671822,4.418633,0.38
50.4671822,4.4186311,0.38
50.4671783,4.4186311,0.47
50.4671783,4.4186311,0.33
50.4671822,4.4186311,0.33
50.4671822,4.4186311,0.55
50.4671822,4.4186311,0.55
50.4671822,4.4186311,0.4
50.4671822,4.4186311,0.32
50.4671822,4.4186311,0.32
50.4671822,4.4186311,0.37
50.4671822,4.418633,0.37
50.4671822,4.418633,0.39
50.4671822,4.418633,0.39
50.4671822,4.418633,0.3
50.4671822,4.418633,0.23
50.4671822,4.418633,0.23
50.4671822,4.418633,0.24
50.4671822,4.418633,0.24
50.4671822,4.418633,0.23
50.4671822,4.418633,0.18
50.4671822,4.418633,0.18
50.4671822,4.418633,0.33
50.4671822,4.418633,0.33
50.4671822,4.418633,0.44
50.4671822,4.418633,0.44
50.4671822,4.418633,0.41
50.467186,4.418633,0.38
50.467186,4.418633,0.38
50.467186,4.418633,0.47
50.467186,4.418633,0.47
50.467186,4.418633,0.57
50.467186,4.418633,0.49
50.467186,4.418633,0.49
50.467186,4.418633,0.37
50.467186,4.418633,0.37
50.467186,4.418633,0.45
50.4671898,4.418633,0.45
50.4671898,4.418633,0.45
50.4671898,4.418633,0.31
50.4671898,4.418633,0.31
50.4671898,4.418633,0.46
50.4671898,4.418633,0.46
50.4671898,4.418633,0.38
50.4671936,4.4186349,0.41
50.4671936,4.4186349,0.41
50.4671936,4.4186349,0.55
50.4671936,4.4186349,0.55
50.4671936,4.4186349,0.52
50.4671936,4.4186349,0.52
50.4671936,4.4186349,0.56
50.4671936,4.4186349,0.33
50.4671936,4.4186349,0.33
50.4671974,4.4186349,0.45
50.4671974,4.4186349,0.45
50.4671974,4.4186349,0.54
50.4671974,4.4186349,0.59
50.4671974,4.418633,0.59
50.4671974,4.418633,0.43
50.4671974,4.418633,0.43
50.4672012,4.418633,0.66
50.4672012,4.418633,0.66
50.4672012,4.418633,0.62
50.4672012,4.418633,0.62
50.4672012,4.418633,0.62
50.4672012,4.418633,0.63
50.467205,4.418633,0.63
50.467205,4.4186311,0.47
50.467205,4.4186311,0.6
50.467205,4.4186263,0.6
50.467205,4.418623,0.69
50.467205,4.4186196,0.69
50.467205,4.4186163,0.49
50.467205,4.4186149,0.49
50.467205,4.4186134,0.57
50.467205,4.4186096,0.37
50.467205,4.4186082,0.37
50.467205,4.4186063,0.52
50.467205,4.4186049,0.52
50.4672089,4.4186034,0.38
50.4672089,4.4186015,0.46
50.4672127,4.4185996,0.46
50.4672127,4.4185982,0.54
50.4672127,4.4185963,0.41
50.4672127,4.4185948,0.41
50.4672165,4.4185948,0.47
50.4672165,4.4185934,0.47
50.4672165,4.418591,0.39
50.4672203,4.418591,0.39
50.4672203,4.4185896,0.63
50.4672203,4.4185882,0.56
50.4672241,4.4185863,0.66
50.4672241,4.4185863,0.63
50.4672241,4.4185848,0.85
50.4672241,4.4185834,0.85
50.4672279,4.4185815,0.74
50.4672279,4.4185796,0.74
50.4672318,4.4185796,0.66
50.4672318,4.4185781,0.66
50.4672356,4.4185762,0.65
50.4672356,4.4185762,0.65
50.4672394,4.4185748,0.56
50.4672394,4.4185734,0.59
50.4672394,4.4185734,0.59
50.4672432,4.418571,0.43
50.467247,4.4185696,0.43
50.4672508,4.4185696,0.56
50.4672508,4.4185681,0.56
50.4672546,4.4185681,0.61
50.4672546,4.4185681,0.54
50.4672546,4.4185681,0.54
50.4672585,4.4185681,0.69
50.4672585,4.4185681,0.69
50.4672623,4.4185681,0.7
50.4672623,4.4185681,0.46
50.4672623,4.4185681,0.46
50.4672623,4.4185696,0.72
50.4672661,4.418571,0.72
50.4672699,4.4185734,0.63
50.4672699,4.4185748,0.63
50.4672699,4.4185748,0.81
50.4672699,4.4185781,0.83
50.4672699,4.4185815,0.83
50.4672699,4.4185834,0.82
50.4672699,4.4185848,0.82
50.4672737,4.4185848,0.66
50.4672737,4.4185863,0.66
50.4672775,4.4185882,0.82
50.4672775,4.4185882,0.58
50.4672775,4.4185882,0.67
50.4672775,4.4185896,0.67
50.4672813,4.4185896,0.5
50.4672813,4.418591,0.5
50.4672813,4.418591,0.66
50.4672813,4.4185934,0.66
50.4672813,4.4185948,0.48
50.4672813,4.4185963,0.67
50.4672852,4.4185996,0.67
50.4672852,4.4186015,0.67
50.4672813,4.418611,0.43
50.4672813,4.4186182,0.43
50.4672813,4.418623,0.44
50.4672813,4.4186263,0.44
50.4672813,4.4186282,0.34
50.4672813,4.4186296,0.34
50.4672813,4.4186311,0.36
50.4672852,4.418633,0.44
50.4672852,4.4186349,0.44
50.4672852,4.4186363,0.77
50.4672852,4.4186382,0.77
50.4672852,4.4186416,0.77
50.4672852,4.418643,0.66
50.4672852,4.4186449,0.66
50.4672852,4.4186463,0.73
50.467289,4.4186478,0.77
50.467289,4.4186478,0.44
50.4672928,4.4186497,0.44
50.4672928,4.4186511,0.64
50.4672928,4.418653,0.64
50.4672928,4.4186549,0.7
50.4672928,4.4186563,0.52
50.4672928,4.4186578,0.52
50.4672928,4.4186597,0.53
50.4672966,4.4186616,0.53
50.4672966,4.4186616,0.71
50.4673004,4.4186664,0.75
50.4673004,4.4186678,0.75
50.4673042,4.4186697,0.65
50.4673042,4.4186711,0.65
50.4673042,4.418673,0.74
50.4673042,4.4186749,0.86
50.467308,4.4186764,0.68
50.467308,4.4186764,0.68
50.4673119,4.4186778,0.82
50.4673119,4.4186778,0.82
50.4673119,4.4186797,0.86
50.4673157,4.4186797,0.82
50.4673157,4.4186816,0.82
50.4673157,4.4186816,0.83
50.4673157,4.4186816,0.83
50.4673157,4.4186831,0.73
50.4673195,4.4186831,0.86
50.4673157,4.418685,0.79
50.4673157,4.418685,0.79
50.4673195,4.4186864,0.75
50.4673195,4.4186864,0.63
50.4673233,4.4186864,0.63
50.4673233,4.4186878,0.85
50.4673233,4.4186878,0.85
50.4673271,4.4186878,0.6
50.4673271,4.4186878,1.01
50.4673271,4.4186878,0.9
50.4673271,4.4186878,0.9
50.4673309,4.4186878,0.84
50.4673347,4.4186878,0.84
50.4673347,4.4186878,0.83
50.4673386,4.4186864,0.83
50.4673386,4.4186864,0.83
50.4673386,4.418685,0.74
50.4673424,4.418685,0.74
50.4673424,4.418685,0.72
50.4673424,4.418685,0.72
50.4673424,4.4186831,0.72
50.4673424,4.4186831,0.78
50.4673462,4.4186831,0.98
50.4673462,4.418685,0.8
50.46735,4.4186864,0.8
50.46735,4.4186864,0.85
50.46735,4.4186897,0.85
50.46735,4.4186931,0.92
50.46735,4.4186964,0.77
50.46735,4.4186997,0.77
50.46735,4.4187016,0.93
50.46735,4.418705,0.93
50.46735,4.4187064,0.96
50.46735,4.4187098,1.04
50.46735,4.4187112,1.04
50.46735,4.418715,1
50.46735,4.4187164,0.87
50.46735,4.4187179,0.87
50.46735,4.4187198,0.72
50.4673538,4.4187231,0.98
50.4673538,4.4187264,0.98
50.4673576,4.4187279,0.83
50.4673615,4.4187298,0.83
50.4673615,4.4187312,0.78
50.4673615,4.418735,0.77
50.4673653,4.4187365,0.77
50.4673691,4.4187398,0.86
50.4673691,4.4187398,0.74
50.4673691,4.4187417,0.82
50.4673729,4.4187431,0.82
50.4673729,4.4187446,0.88
50.4673729,4.4187465,0.88
50.4673767,4.4187531,0.76
50.4673767,4.4187546,0.57
50.4673767,4.4187579,0.57
50.4673767,4.4187598,0.75
50.4673767,4.4187632,0.75
50.4673767,4.4187646,0.86
50.4673767,4.4187679,1.05
50.4673767,4.4187717,1.05
50.4673805,4.4187746,0.99
50.4673805,4.4187779,0.89
50.4673805,4.4187818,0.89
50.4673805,4.4187846,0.73
50.4673805,4.4187865,0.71
50.4673805,4.4187894,0.71
50.4673805,4.4187932,0.88
50.4673805,4.4187965,0.88
50.4673805,4.4187994,0.8
50.4673805,4.4188013,0.89
50.4673805,4.4188046,0.89
50.4673805,4.418808,0.75
50.4673805,4.4188113,0.89
50.4673805,4.4188147,1.01
50.4673767,4.418818,1.01
50.4673767,4.4188232,0.93
50.4673767,4.4188294,0.93
50.4673767,4.4188333,0.98
50.4673767,4.4188366,1
50.4673767,4.4188414,1
50.4673767,4.4188447,0.73
50.4673767,4.4188495,0.73
50.4673767,4.4188533,0.98
50.4673767,4.4188581,0.92
50.4673767,4.4188614,0.92
50.4673767,4.4188647,0.8
50.4673767,4.4188681,1.05
50.4673767,4.4188714,1.05
50.4673729,4.4188747,0.83
50.4673729,4.4188781,0.89
50.4673729,4.4188814,0.89
50.4673729,4.4188862,1
50.4673729,4.4188895,1
50.4673729,4.4188933,1.02
50.4673729,4.4188981,1.07
50.4673729,4.4189034,1.07
50.4673729,4.4189062,0.93
50.4673729,4.4189095,0.89
50.4673729,4.4189148,0.75
50.4673729,4.4189181,0.75
50.4673729,4.4189215,1.31
50.4673729,4.4189215,1.31
50.4673729,4.4189334,1.17
50.4673767,4.4189363,0.98
50.4673767,4.4189396,0.98
50.4673767,4.4189434,0.95
50.4673767,4.4189463,0.95
50.4673805,4.4189482,0.78
50.4673805,4.418951,0.62
50.4673805,4.4189534,0.86
50.4673805,4.4189548,0.86
50.4673805,4.4189563,0.68
50.4673805,4.4189582,0.68
50.4673805,4.4189582,0.84
50.4673805,4.4189596,0.99
50.4673843,4.4189615,0.99
50.4673843,4.4189615,1.12
50.4673843,4.4189634,1.12
50.4673843,4.4189649,1.09
50.4673843,4.4189663,1.09
50.4673843,4.4189682,0.95
50.4673843,4.4189696,0.95
50.4673882,4.4189711,0.95
50.4673882,4.418973,0.79
50.4673882,4.4189749,0.79
50.4673882,4.4189763,0.83
50.4673882,4.4189782,0.83
50.4673882,4.4189796,0.89
50.4673882,4.4189816,0.84
50.4673882,4.418983,0.84
50.4673882,4.4189849,0.87
50.4673882,4.4189863,0.87
50.4673882,4.4189882,0.77
50.4673882,4.4189897,0.51
50.4673882,4.4189897,0.55
50.4673882,4.4189897,0.55
50.4673843,4.4189897,0.5
50.4673843,4.4189916,0.5
50.4673882,4.4189863,0.25
50.4673882,4.418983,0.4
50.4673882,4.4189816,0.4
50.467392,4.4189796,0.5
50.467392,4.4189763,0.5
50.4673958,4.4189711,0.42
50.4673958,4.4189711,0.84
50.4673958,4.4189711,0.58
50.4673996,4.4189696,0.58
50.4673996,4.4189696,0.47
50.4674034,4.4189696,0.3
50.4674034,4.4189696,0.3
50.4674034,4.4189711,0.48
50.4674072,4.4189711,0.48
50.4674072,4.4189696,0.76
50.4674072,4.4189682,0.63
50.4674072,4.4189682,0.63
50.4674072,4.4189682,0.59
50.4674072,4.4189663,0.69
50.467411,4.4189649,0.69
50.467411,4.4189649,0.61
50.467411,4.4189649,0.9
50.467411,4.4189663,0.9
50.467411,4.4189663,0.59
50.467411,4.4189663,0.59
50.467411,4.4189663,0.71
50.467411,4.4189649,0.7
50.467411,4.4189649,0.7
50.467411,4.4189649,0.85
50.467411,4.4189649,0.85
50.467411,4.4189649,0.77
50.467411,4.4189634,0.82
50.467411,4.4189634,0.69
50.4674072,4.4189634,0.69
50.4674072,4.4189634,0.58
50.4674072,4.4189615,0.74
50.4674072,4.4189615,0.74
50.4674072,4.4189615,0.39
50.4674034,4.4189596,0.39
50.4674034,4.4189582,0.68
50.4674034,4.4189582,0.53
50.4674034,4.4189563,0.53
50.4674034,4.4189563,0.43
50.4673996,4.4189548,0.28
50.4673996,4.4189548,0.28
50.4673996,4.4189534,0.37
50.4673996,4.4189534,0.47
50.4673958,4.418951,0.47
50.4673958,4.4189496,0.48
50.4673958,4.4189482,0.48
50.467392,4.4189463,0.18
50.467392,4.4189463,0.12
50.4673882,4.4189463,0.12
50.4673882,4.4189463,0.29
50.4673882,4.4189463,0.29
50.467392,4.4189463,0.4
50.467392,4.4189463,0.31
50.467392,4.4189463,0.31
50.467392,4.4189463,0.43
50.467392,4.4189463,0.27
50.467392,4.4189463,0.16
50.467392,4.4189463,0.16
50.467392,4.4189463,0.27
50.467392,4.4189463,0.27
50.467392,4.4189463,0.08
50.467392,4.4189448,0.09
50.467392,4.4189448,0.09
50.467392,4.4189448,0.23
50.467392,4.4189448,0.39
50.467392,4.4189448,0.39
50.467392,4.4189448,0.36
50.467392,4.4189448,0.34
50.467392,4.4189448,0.34
50.467392,4.4189448,0.44
50.467392,4.4189448,0.44
50.467392,4.4189448,0.16
50.467392,4.4189448,0.19
50.467392,4.4189448,0.19
50.467392,4.4189448,-0.11
50.467392,4.4189434,-0.07
50.467392,4.4189434,0.32
50.467392,4.4189434,0.32
50.4673958,4.4189434,0.01
50.4673958,4.4189434,0.01
50.4673958,4.4189448,-0.03
50.4673958,4.4189448,0.14
50.4673958,4.4189448,0.14
50.4673958,4.4189448,-0.04
50.4673958,4.4189448,-0.04
50.4673958,4.4189448,0.01
50.4673958,4.4189448,-0.13
50.4673958,4.4189448,-0.15
50.4673958,4.4189448,-0.15
50.4673958,4.4189448,-0.17
50.4673958,4.4189463,-0.17
50.4673958,4.4189463,0.02
50.4673958,4.4189463,0.15
50.4673958,4.4189463,0.15
50.467392,4.4189463,0.31
50.467392,4.4189482,0.31
50.467392,4.4189482,0.28
50.4673882,4.4189482,0.02
50.4673882,4.4189482,0.02
50.4673843,4.4189496,0
50.4673805,4.418951,0.06
50.4673805,4.4189534,0.05
50.4673805,4.4189534,0.05
50.4673767,4.4189548,0.06
50.4673767,4.4189563,0.06
50.4673729,4.4189596,0.1
50.4673729,4.4189634,-0.05
50.4673691,4.4189649,-0.05
50.4673653,4.4189663,0.2
50.4673653,4.4189682,0.2
50.4673615,4.4189696,0.26
50.4673615,4.418973,0.14
50.4673576,4.4189749,-0.14
50.4673576,4.4189763,-0.14
50.4673538,4.4189782,0.01
50.4673462,4.4189816,0.01
50.4673462,4.418983,-0.02
50.4673424,4.4189849,-0.04
50.4673386,4.4189863,-0.04
50.4673347,4.4189882,0.05
50.4673309,4.4189897,0.05
50.4673271,4.4189897,0.13
50.4673271,4.4189897,0.12
50.4673233,4.4189916,-0.11
50.4673233,4.4189916,-0.11
50.4673233,4.418993,-0.14
50.4673195,4.418993,-0.01
50.4673195,4.4189949,-0.01
50.4673157,4.4189963,-0.05
50.4673119,4.4189963,-0.05
50.4673119,4.4189978,0.09
50.467308,4.4189978,0.1
50.4673042,4.4189997,0.1
50.4673042,4.4190016,0.07
50.4673042,4.4190016,0.21
50.4673004,4.419003,0.21
50.4673004,4.4190049,0.18
50.4672966,4.4190063,0.1
50.4672966,4.4190078,0.1
50.4672928,4.4190078,0.05
50.4672852,4.4190078,0.05
50.4672813,4.4190078,0.03
50.4672813,4.4190097,0.12
50.4672775,4.4190097,0.12
50.4672737,4.4190097,0.26
50.4672699,4.4190097,0.26
50.4672699,4.4190111,0.07
50.4672623,4.4190111,0.12
50.4672623,4.419013,0.04
50.4672546,4.4190149,0.08
50.4672508,4.4190164,0.3
50.467247,4.4190197,0.04
50.4672432,4.4190211,0.04
50.4672394,4.4190197,-0.09
50.4672356,4.419023,-0.09
50.4672356,4.4190278,0.13
50.4672394,4.4190331,0.11
50.4672394,4.419035,0.11
50.4672394,4.4190364,0.16
50.4672394,4.4190331,0.16
50.4672394,4.4190297,0.13
50.4672356,4.4190264,0.16
50.4672356,4.4190249,0.38
50.4672356,4.4190249,0.38
50.4672356,4.4190197,0.29
50.4672356,4.4190178,0.29
50.4672356,4.4190178,0.43
50.4672279,4.4190149,0.5
50.4672241,4.4190149,0.5
50.4672241,4.419013,0.36
50.4672241,4.419013,0.36
50.4672241,4.419013,0.15
50.4672241,4.4190149,0.33
50.4672241,4.4190149,0.33
50.4672241,4.4190149,0.36
50.4672241,4.419013,0.6
50.4672241,4.419013,0.48
50.4672203,4.419013,0.48
50.4672203,4.419013,0.4
50.4672203,4.4190111,0.4
50.4672165,4.4190097,0.38
50.4672127,4.4190097,0.4
50.4672127,4.4190097,0.4
50.4672165,4.4190097,0.21
50.4672127,4.4190049,0.24
50.4672089,4.4189978,0.24
50.467205,4.4189963,0.23
50.4672012,4.418993,0.42
50.4672012,4.418993,0.42
50.4671936,4.418993,0.35
50.4671936,4.418993,0.35
50.467186,4.418993,0.46
50.4671822,4.418993,0.32
50.4671822,4.418993,0.32
50.4671822,4.418993,0.35
50.4671822,4.418993,0.35
50.4671783,4.418993,0.3
50.4671745,4.4189949,0.22
50.4671745,4.4189978,0.22
50.4671822,4.4189897,0.39
50.4671783,4.4189916,0.23
50.4671822,4.4189978,0.52
50.4671822,4.419013,0.52
50.4671822,4.4190249,0.49
50.4671822,4.4190249,0.49
50.4671822,4.4190249,0.41
50.4671898,4.4190946,0.2
50.467186,4.419055,0.2
50.4671593,4.4190364,0.27
50.467144,4.4190311,0.27
50.4671364,4.4190311,0.27
50.4671249,4.4190297,0.41
50.4671097,4.4190264,0.23
50.4670944,4.419023,0.23
50.4670868,4.4190211,0.42
50.467083,4.4190178,0.42
50.4670792,4.4190178,0.26
50.4670792,4.4190164,0.21
50.4670792,4.419013,0.21
50.4670792,4.4190097,0.36
50.4670792,4.4190063,0.18
50.4670753,4.419003,0.44
50.4670753,4.4189997,0.44
50.4670753,4.4189978,0.34
50.4670715,4.4189963,0.34
50.4670715,4.418993,0.3
50.4670677,4.4189916,0.41
50.4670677,4.4189897,0.41
50.4670639,4.4189897,0.33
50.4670639,4.4189882,0.33
50.4670639,4.4189882,0.37
50.4670601,4.4189916,0.28
50.4670563,4.4189949,0.28
50.4670563,4.4189949,0.42
50.4670525,4.4189963,0.32
50.4670525,4.4189978,0.32
50.4670486,4.4189949,0.37
50.4670563,4.4189882,0.25
50.4670563,4.4189897,0.25
50.4670525,4.4189897,0.52
50.4670525,4.4189897,0.52
50.4670563,4.4189882,0.34
50.4670563,4.4189849,0.36
50.4670525,4.4189816,0.36
50.4670486,4.4189796,0.41
50.4670448,4.4189782,0.45
50.4670448,4.4189782,0.45
50.4670448,4.4189782,0.24
50.4670448,4.4189763,0.37
50.4670448,4.4189763,0.37
50.4670448,4.4189763,0.41
50.4670448,4.4189749,0.3
50.4670448,4.4189749,0.3
50.4670448,4.418973,0.43
50.4670448,4.418973,0.43
50.4670448,4.4189711,0.39
50.4670448,4.4189696,0.6
50.467041,4.4189682,0.6
50.467041,4.4189663,0.41
50.467041,4.4189649,0.41
50.4670372,4.4189634,0.62
50.4670372,4.4189615,0.43
50.4670372,4.4189596,0.25
50.4670372,4.4189596,0.25
50.4670372,4.4189582,0.32
50.4670334,4.4189582,0.32
50.4670334,4.4189563,0.52
50.4670334,4.4189563,0.55
50.4670296,4.4189582,0.55
50.4670296,4.4189563,0.45
50.4670334,4.4189548,0.45
50.4670334,4.4189534,0.44
50.4670334,4.418951,0.62
50.4670334,4.4189496,0.64
50.4670334,4.4189496,0.64
50.4670334,4.418951,0.47
50.4670296,4.418951,0.61
50.4670296,4.418951,0.61
50.4670296,4.4189496,0.47
50.4670258,4.4189496,0.47
50.4670258,4.4189496,0.3
50.4670258,4.4189496,0.42
50.4670296,4.418951,0.42
50.4670296,4.418951,0.34
50.4670258,4.4189434,0.4
50.4670258,4.4189415,0.4
50.4670258,4.4189396,0.6
50.4670296,4.4189382,0.58
50.4670296,4.4189382,0.58
50.4670296,4.4189382,0.5
50.4670296,4.4189382,0.5
50.4670258,4.4189382,0.44
50.4670258,4.4189363,0.6
50.4670258,4.4189363,0.6
50.4670258,4.4189363,0.6
50.4670258,4.4189348,0.45
50.4670258,4.4189348,0.45
50.4670258,4.4189348,0.58
50.4670258,4.4189334,0.72
50.4670258,4.4189334,0.72
50.4670296,4.418931,0.53
50.4670296,4.418931,0.5
50.4670296,4.4189296,0.5
50.4670258,4.418931,0.49
50.4670258,4.418931,0.49
50.4670258,4.418931,0.53
50.4670258,4.4189334,0.69
50.4670258,4.4189348,0.69
50.4670258,4.4189348,0.55
50.4670258,4.4189348,0.61
50.4670258,4.4189363,0.54
50.4670258,4.4189363,0.5
50.4670258,4.4189363,0.68
50.4670219,4.4189363,0.68
50.4670219,4.4189363,0.75
50.4670219,4.4189382,0.75
50.4670219,4.4189382,0.64
50.4670219,4.4189382,0.56
50.4670219,4.4189396,0.57
50.4670219,4.4189396,0.61
50.4670219,4.4189382,0.37
50.4670219,4.4189382,0.41
50.4670181,4.4189396,0.41
50.4670181,4.4189396,0.31
50.4670181,4.4189396,0.31
50.4670181,4.4189415,0.48
50.4670143,4.4189415,0.5
50.4670143,4.4189415,0.5
50.4670143,4.4189415,0.48
50.4670143,4.4189415,0.48
50.4670143,4.4189415,0.6
50.4670105,4.4189396,0.44
50.4670105,4.4189396,0.44
50.4670067,4.4189396,0.6
50.4670067,4.4189396,0.59
50.4670067,4.4189382,0.59
50.4670067,4.4189382,0.66
50.4670029,4.4189382,0.68
50.4670029,4.4189382,0.68
50.4670029,4.4189363,0.61
50.4669991,4.4189348,0.61
50.4669991,4.4189348,0.85
50.4669952,4.4189334,0.67
50.4669914,4.418931,0.67
50.4669914,4.4189296,0.72
50.4669914,4.4189281,0.71
50.4669876,4.4189281,0.57
50.4669876,4.4189281,0.57
50.4669876,4.4189281,0.73
50.4669876,4.418931,0.73
50.4669876,4.4189348,0.88
50.4669876,4.4189363,0.62
50.4669876,4.4189382,0.62
50.4669876,4.4189396,0.81
50.4669876,4.4189396,0.81
50.4669838,4.4189382,0.81
50.4669876,4.4189396,0.68
50.4669838,4.4189396,0.68
50.4669838,4.4189396,0.57
50.4669838,4.4189415,0.83
50.4669838,4.4189396,0.83
50.4669838,4.4189415,0.57
50.4669838,4.4189415,0.45
50.4669838,4.4189434,0.45
50.4669838,4.4189448,0.6
50.4669838,4.4189463,0.6
50.4669838,4.4189534,0.55
50.4669876,4.4189582,0.74
50.4669914,4.4189615,0.74
50.4669914,4.4189634,0.65
50.4669952,4.4189682,0.65
50.4669991,4.418973,0.54
50.4669991,4.4189749,0.54
50.4669991,4.4189763,0.42
50.4669952,4.4189782,0.42
50.4669952,4.4189782,0.44
50.4669952,4.4189782,0.68
50.4669952,4.4189782,0.68
50.4669952,4.4189782,0.88
50.4669952,4.4189763,0.88
50.4669952,4.4189749,0.65
50.4669914,4.4189749,0.74
50.4669914,4.4189749,0.74
50.4669876,4.4189763,0.88
50.4669876,4.4189782,0.5
50.4669876,4.4189796,0.5
50.4669838,4.4189816,0.58
50.4669838,4.4189816,0.82
50.4669838,4.418983,0.82
50.4669838,4.418983,0.67
50.4669838,4.418983,0.67
50.46698,4.4189849,0.65
50.46698,4.4189849,0.59
50.46698,4.4189849,0.55
50.46698,4.4189849,0.55
50.4669762,4.4189849,0.62
50.4669762,4.4189863,0.65
50.4669762,4.4189863,0.65
50.4669762,4.4189882,0.57
50.4669762,4.4189882,0.57
50.4669762,4.4189882,0.66
50.4669724,4.4189882,0.41
50.4669724,4.4189882,0.41
50.4669724,4.4189882,0.36
50.4669724,4.4189882,0.36
50.4669724,4.4189882,0.55
50.4669724,4.4189882,0.62
50.4669724,4.4189882,0.53
50.4669724,4.4189897,0.53
50.4669685,4.4189882,0.62
50.4669647,4.4189882,0.62
50.4669647,4.4189882,0.56
50.4669647,4.4189882,0.57
50.4669647,4.4189897,0.57
50.4669647,4.418993,0.44
50.4669647,4.4189949,0.44
50.4669647,4.4189963,0.41
50.4669647,4.4189978,0.6
50.4669647,4.4189997,0.55
50.4669647,4.4190016,0.55
50.4669647,4.4190016,0.59
50.4669647,4.419003,0.75
50.4669609,4.419003,0.75
50.4669609,4.4190049,0.83
50.4669609,4.4190063,0.83
50.4669609,4.4190078,0.59
50.4669609,4.4190097,0.67
50.4669571,4.4190097,0.67
50.4669571,4.4190111,0.68
50.4669571,4.419013,0.48
50.4669533,4.4190149,0.48
50.4669533,4.4190164,0.64
50.4669533,4.4190164,0.73
50.4669495,4.4190178,0.73
50.4669495,4.4190197,0.76
50.4669495,4.4190211,0.76
50.4669495,4.419023,0.67
50.4669495,4.419023,0.73
50.4669495,4.419023,0.73
50.4669495,4.419023,0.45
50.4669495,4.419023,0.45
50.4669495,4.419023,0.77
50.4669495,4.4190249,0.55
50.4669495,4.4190249,0.44
50.4669456,4.4190249,0.44
50.4669456,4.4190249,0.56
50.4669456,4.4190249,0.68
50.4669456,4.4190249,0.68
50.4669456,4.4190249,0.78
50.4669418,4.419023,0.78
50.4669418,4.4190249,0.65
50.466938,4.4190264,0.74
50.466938,4.4190278,0.74
50.466938,4.4190278,0.53
50.466938,4.4190297,0.53
50.4669342,4.4190311,0.58
50.4669342,4.4190311,0.49
50.4669342,4.4190331,0.53
50.4669342,4.419035,0.53
50.4669304,4.4190364,0.72
50.4669304,4.4190378,0.72
50.4669304,4.4190416,0.84
50.4669304,4.4190431,1.07
50.4669304,4.419045,1.07
50.4669304,4.4190464,0.83
50.4669304,4.4190478,0.83
50.4669304,4.4190512,1.06
50.4669266,4.4190531,0.54
50.4669266,4.419055,0.81
50.4669266,4.4190564,0.84
50.4669266,4.4190578,0.9
50.4669266,4.4190598,0.58
50.4669266,4.4190617,0.58
50.4669266,4.419065,0.75
50.4669266,4.4190664,0.75
50.4669228,4.4190698,0.74
50.4669228,4.4190731,0.82
50.4669228,4.419075,0.82
50.4669228,4.4190779,0.67
50.4669189,4.4190817,0.67
50.4669189,4.419085,0.44
50.4669189,4.4190865,0.46
50.4669189,4.4190898,0.58
50.4669151,4.4190931,0.58
50.4669151,4.4190946,0.55
50.4669151,4.4190965,0.55
50.4669151,4.4190979,0.53
50.4669151,4.4190979,0.61
50.4669113,4.4191031,0.61
50.4669113,4.4191046,0.72
50.4669113,4.4191079,0.67
50.4669113,4.4191098,0.69
50.4669113,4.4191113,0.69
50.4669113,4.4191132,0.75
50.4669075,4.4191165,0.75
50.4669075,4.4191198,0.89
50.4669075,4.4191246,0.76
50.4669075,4.4191265,0.76
50.4669075,4.4191279,0.77
50.4669075,4.4191294,0.77
50.4669075,4.4191313,0.74
50.4669075,4.4191346,0.82
50.4669075,4.4191365,0.82
50.4669075,4.419138,0.82
50.4669075,4.4191394,0.7
50.4669075,4.4191432,0.7
50.4669075,4.4191446,0.75
50.4669075,4.4191494,0.9
50.4669075,4.4191532,0.9
50.4669075,4.4191566,0.79
50.4669075,4.4191594,0.79
50.4669075,4.4191632,0.66
50.4669075,4.419168,0.77
50.4669037,4.4191732,0.75
50.4669037,4.4191766,0.75
50.4669037,4.4191818,0.99
50.4669037,4.4191847,0.95
50.4669037,4.4191895,0.95
50.4669037,4.4191933,0.84
50.4669037,4.4191995,0.84
50.4669037,4.4192033,0.7
50.4669037,4.4192066,0.83
50.4668999,4.4192095,0.83
50.4668999,4.4192133,0.8
50.4668961,4.4192181,0.72
50.4668961,4.4192214,0.72
50.4668922,4.4192247,0.78
50.4668922,4.4192281,0.79
50.4668884,4.4192314,0.79
50.4668884,4.4192348,0.78
50.4668846,4.4192381,0.78
50.4668846,4.4192395,0.91
50.4668846,4.4192433,0.86
50.4668846,4.4192448,0.86
50.4668846,4.4192481,0.96
50.4668808,4.4192533,0.77
50.4668808,4.4192595,0.8
50.466877,4.419271,0.8
50.466877,4.4192748,0.82
50.466877,4.4192796,0.82
50.466877,4.4192848,0.83
50.4668732,4.4192882,1.18
50.4668732,4.419291,1.18
50.4668732,4.4192982,0.98
50.4668732,4.4192982,0.98
50.4668694,4.4193096,1
50.4668694,4.419311,0.7
50.4668694,4.419311,0.73
50.4668694,4.4193149,0.73
50.4668694,4.4193163,0.92
50.4668694,4.4193196,0.92
50.4668694,4.4193215,1.01
50.4668694,4.419323,0.94
50.4668694,4.4193263,0.94
50.4668694,4.4193282,0.86
50.4668694,4.4193311,0.86
50.4668655,4.419333,1
50.4668655,4.4193363,1.1
50.4668655,4.4193397,1.1
50.4668655,4.4193416,0.85
50.4668655,4.419343,0.83
50.4668655,4.4193463,0.89
50.4668655,4.4193478,0.89
50.4668655,4.4193511,0.9
50.4668655,4.419353,0.9
50.4668655,4.4193563,0.91
50.4668617,4.4193649,0.87
50.4668579,4.419373,0.87
50.4668541,4.4193764,0.92
50.4668541,4.4193797,0.92
50.4668541,4.419385,0.74
50.4668503,4.4193864,1.01
50.4668465,4.4193878,1.01
50.4668465,4.4193912,0.91
50.4668465,4.419395,0.89
50.4668465,4.4193997,0.89
50.4668465,4.4194031,0.9
50.4668465,4.4194064,0.96
50.4668465,4.4194078,0.96
50.4668465,4.4194131,0.91
50.4668465,4.419415,0.91
50.4668465,4.4194179,1.11
50.4668465,4.4194217,0.97
50.4668465,4.419425,0.97
50.4668465,4.4194279,1.1
50.4668427,4.4194317,1.01
50.4668427,4.419435,1.12
50.4668427,4.4194379,1.12
50.4668388,4.4194417,0.95
50.4668388,4.4194431,0.95
50.4668388,4.4194465,0.92
50.466835,4.4194479,1
50.466835,4.4194498,1
50.466835,4.4194512,0.99
50.4668312,4.4194565,1.16
50.4668312,4.4194579,1.19
50.4668312,4.4194598,1.3
50.4668312,4.4194613,0.99
50.4668312,4.4194632,0.99
50.4668312,4.4194646,0.98
50.4668312,4.4194665,0.98
50.4668312,4.4194679,1
50.4668312,4.4194698,0.89
50.4668312,4.4194732,0.89
50.4668312,4.4194746,1.02
50.4668312,4.4194779,1.02
50.4668312,4.4194794,1.16
50.4668312,4.4194818,0.99
50.4668312,4.4194832,1.04
50.4668312,4.4194846,1.04
50.4668312,4.419488,1.11
50.4668312,4.419488,1.07
50.4668312,4.419488,1.07
50.4668312,4.4194894,0.84
50.4668312,4.4194894,0.84
50.4668312,4.4194913,1
50.4668312,4.4194932,0.87
50.4668312,4.4194932,0.87
50.4668312,4.4194946,0.89
50.466835,4.4194946,0.81
50.466835,4.4194965,0.81
50.466835,4.419498,0.86
50.4668312,4.4195018,0.99
50.4668274,4.4195018,0.99
50.4668274,4.4195032,0.99
50.4668236,4.4195046,0.99
50.4668198,4.4195065,0.97
50.4668159,4.419508,0.92
50.4668159,4.419508,0.92
50.4668121,4.4195094,1.08
50.4668083,4.4195113,1.07
50.4668045,4.4195113,1.07
50.4668045,4.4195132,1.16
50.4668045,4.4195147,0.93
50.4668007,4.4195147,0.93
50.4668007,4.4195166,0.86
50.4667969,4.4195166,0.95
50.4667969,4.4195166,0.95
50.4667969,4.419518,0.96
50.4667931,4.419518,0.96
50.4667931,4.4195194,0.86
50.4667931,4.4195194,0.88
50.4667931,4.4195194,0.88
50.4667892,4.4195194,1.06
50.4667892,4.4195218,0.77
50.4667892,4.4195218,0.77
50.4667854,4.4195218,0.94
50.4667854,4.4195232,0.95
50.4667854,4.4195232,0.95
50.4667854,4.4195232,1.01
50.4667854,4.4195247,1.01
50.4667854,4.4195266,1.18
50.4667854,4.4195266,1.01
50.4667854,4.4195266,1.01
50.4667816,4.4195266,1.17
50.4667816,4.4195266,1.17
50.4667816,4.4195266,1.17
50.4667816,4.4195266,1.33
50.4667816,4.419528,1.3
50.4667816,4.419528,1.3
50.4667816,4.419528,1.2
50.4667816,4.419528,1.24
50.4667778,4.419528,1.24
50.4667778,4.419528,1.31
50.4667778,4.4195266,1.31
50.4667778,4.4195232,1.04
50.466774,4.4195194,1.24
50.466774,4.4195166,1.24
50.4667702,4.4195147,1.19
50.4667702,4.4195113,1.19
50.4667664,4.4195046,1.35
50.4667664,4.4195018,1.11
50.4667664,4.419498,1.22
50.4667625,4.4194932,1.22
50.4667625,4.4194894,1.08
50.4667625,4.4194865,1.08
50.4667625,4.4194846,1.36
50.4667587,4.4194818,1.34
50.4667587,4.4194794,1.34
50.4667549,4.4194713,1.37
50.4667587,4.4194646,1.37
50.4667587,4.4194579,1.25
50.4667625,4.4194512,1.19
50.4667625,4.4194479,1.16
50.4667625,4.4194431,1.16
50.4667625,4.4194379,1.33
50.4667625,4.4194331,1.39
50.4667625,4.4194279,1.39
50.4667625,4.419425,1.42
50.4667625,4.4194217,1.42
50.4667587,4.4194164,1.48
50.4667587,4.4194131,1.34
50.4667587,4.4194064,1.34
50.4667587,4.4193997,1.19
50.4667549,4.419395,1.31
50.4667549,4.4193878,1.31
50.4667549,4.419385,1.21
50.4667549,4.4193797,1.11
50.4667587,4.4193711,1.11
50.4667587,4.4193678,1.19
50.4667587,4.419363,1.19
50.4667625,4.4193597,1.15
50.4667664,4.4193563,1.1
50.4667664,4.4193497,1.18
50.4667702,4.4193478,1.18
50.466774,4.4193478,1.15
50.4667778,4.4193463,0.87
50.4667816,4.4193449,0.87
50.4667816,4.4193449,1.06
50.4667854,4.419343,1.06
50.4667854,4.419343,1.1
50.4667854,4.4193416,1.24
50.4667854,4.4193416,1.24
50.4667854,4.4193416,1.15
50.4667854,4.4193416,1.15
50.4667854,4.4193397,1.15
50.4667854,4.4193397,0.95
50.4667854,4.4193382,0.99
50.4667854,4.419333,0.99
50.4667854,4.4193296,1.05
50.4667854,4.4193263,1.05
50.4667854,4.419323,1.04
50.4667816,4.4193182,1.09
50.4667816,4.4193149,1.09
50.4667778,4.419311,0.96
50.4667778,4.4193082,0.96
50.4667778,4.4193048,0.84
50.466774,4.4193015,0.87
50.466774,4.4192982,1.03
50.4667702,4.4192948,1.03
50.4667664,4.4192896,1.17
50.4667664,4.4192863,1.08
50.4667664,4.4192815,1.08
50.4667625,4.4192781,1.02
50.4667587,4.4192734,1.02
50.4667587,4.4192734,0.94
50.4667549,4.4192595,1.05
50.4667511,4.4192562,1.05
50.4667511,4.419251,1.04
50.4667473,4.4192481,1.08
50.4667473,4.4192433,1.08
50.4667473,4.4192414,1.04
50.4667435,4.4192381,1.41
50.4667435,4.4192348,1.41
50.4667397,4.4192314,1.26
50.4667397,4.4192281,1.26
50.4667358,4.4192233,1.14
50.4667358,4.4192195,1.07
50.466732,4.4192147,1.07
50.466732,4.4192114,0.94
50.4667282,4.419208,0.94
50.4667282,4.4192033,1.02
50.4667282,4.4191995,1.02
50.4667244,4.4191966,0.92
50.4667206,4.4191914,0.92
50.4667206,4.419188,1.12
50.4667168,4.4191833,1.21
50.466713,4.4191794,1.21
50.4667091,4.4191747,1.06
50.4667091,4.4191713,1.06
50.4667053,4.419168,1.03
50.4667053,4.4191647,1.1
50.4667015,4.4191632,1.1
50.4667015,4.4191594,1.19
50.4666977,4.4191566,1.03
50.4666977,4.4191532,1.03
50.4666939,4.4191494,1
50.4666901,4.4191465,1.11
50.4666901,4.4191432,1.11
50.4666862,4.4191365,1.13
50.4666862,4.4191313,1.13
50.4666862,4.4191279,1.16
50.4666862,4.4191246,1.06
50.4666862,4.4191179,1.06
50.4666862,4.4191132,0.92
50.4666862,4.4191031,0.77
50.4666862,4.4190998,1.04
50.4666862,4.4190965,1.04
50.4666862,4.4190912,0.96
50.4666862,4.4190898,0.96
50.4666862,4.4190865,1.11
50.4666901,4.4190831,0.98
50.4666901,4.4190798,0.98
50.4666901,4.4190764,1.02
50.4666901,4.4190731,1.02
50.4666901,4.4190698,1.15
50.4666862,4.4190664,1.01
50.4666862,4.4190617,1.01
50.4666862,4.4190564,1.13
50.4666862,4.4190531,0.96
50.4666862,4.4190478,0.96
50.4666862,4.419045,1.06
50.4666862,4.4190416,1.19
50.4666862,4.4190378,1.19
50.4666824,4.4190297,1.2
50.4666786,4.4190249,1.2
50.4666786,4.4190211,1.01
50.4666824,4.4190178,1.49
50.4666824,4.4190149,1.25
50.4666824,4.419013,1.25
50.4666824,4.4190097,1.38
50.4666862,4.4190078,1.25
50.4666862,4.4190063,1.25
50.4666901,4.4190049,1.31
50.4666939,4.4190049,1.31
50.4666939,4.4190016,1.29
50.4666977,4.4189997,1.27
50.4667015,4.4189963,1.27
50.4667053,4.4189949,1.34
50.4667053,4.4189916,1.45
50.4667091,4.4189897,1.45
50.4667053,4.4189863,1.42
50.4667053,4.4189863,1.34
50.4666939,4.418973,1.34
50.4666901,4.4189682,1.38
50.4666862,4.4189634,1.38
50.4666862,4.4189582,1.39
50.4666824,4.4189534,1.23
50.4666786,4.4189496,1.23
50.4666748,4.4189463,1.4
50.466671,4.4189434,1.4
50.4666672,4.4189396,1.38
50.4666672,4.4189363,1.38
50.4666634,4.4189334,1.27
50.4666634,4.4189296,1.27
50.4666595,4.4189262,1.29
50.4666557,4.4189234,1.35
50.4666481,4.4189196,1.35
50.4666481,4.4189162,1.49
50.4666481,4.4189134,1.49
50.4666443,4.4189095,1.5
50.4666405,4.4189048,1.54
50.4666367,4.4188995,1.31
50.4666328,4.4188962,1.31
50.466629,4.4188933,1.46
50.466629,4.4188895,1.46
50.4666252,4.4188848,1.52
50.4666214,4.4188833,1.4
50.4666176,4.4188781,1.4
50.46661,4.4188714,1.38
50.4666061,4.4188681,1.38
50.4665947,4.4188595,1.39
50.4665871,4.4188533,1.46
50.4665871,4.4188533,1.46
50.4665794,4.4188547,1.62
50.4665756,4.4188533,1.43
50.4665718,4.4188533,1.46
50.466568,4.4188533,1.46
50.4665604,4.4188566,1.44
50.4665565,4.4188581,1.44
50.4665451,4.4188614,1.6
50.4665451,4.4188633,1.6
50.4665413,4.4188633,1.6
50.4665337,4.4188633,1.63
50.4665298,4.4188633,1.63
50.4665298,4.4188633,1.5
50.466526,4.4188647,1.42
50.4665222,4.4188647,1.41
50.4665146,4.4188647,1.41
50.4665108,4.4188666,1.37
50.466507,4.4188681,1.37
50.4665031,4.4188695,1.37
50.4664993,4.4188714,1.33
50.4664955,4.4188714,1.33
50.4664917,4.4188747,1.35
50.4664879,4.4188762,1.35
50.4664879,4.4188781,1.37
50.4664879,4.4188781,1.57
50.4664726,4.4188814,1.57
50.4664688,4.4188833,1.4
50.4664688,4.4188833,1.4
50.4664688,4.4188862,1.43
50.466465,4.4188881,1.38
50.4664574,4.4188895,1.3
50.4664536,4.4188933,1.3
50.4664536,4.4188981,1.32
50.4664536,4.4189014,1.17
50.4664497,4.4189048,1.17
50.4664497,4.4189081,1.29
50.4664497,4.418911,1.29
50.4664497,4.4189162,1.33
50.4664459,4.4189181,1.44
50.4664459,4.4189234,1.44
50.4664421,4.4189262,1.35
50.4664383,4.4189262,1.16
50.4664345,4.4189281,1.16
50.4664345,4.4189281,1.43
50.4664307,4.418931,1.45
50.4664307,4.4189348,1.45
50.4664268,4.4189382,1.54
50.466423,4.4189396,1.54
50.4664192,4.4189434,1.47
50.4664192,4.4189448,1.47
50.4664192,4.4189463,1.47
50.4664192,4.4189482,1.55
50.4664154,4.4189496,1.55
50.4664154,4.418951,1.53
50.4664116,4.4189534,1.42
50.4664116,4.4189563,1.62
50.4664078,4.4189563,1.62
50.4664078,4.4189563,1.54
50.4664078,4.4189596,1.56
50.4664078,4.4189615,1.56
50.4664078,4.4189634,1.82
50.466404,4.4189663,1.82
50.466404,4.4189663,1.5
50.4663925,4.4189796,1.34
50.4663925,4.4189849,1.43
50.4663887,4.4189882,1.43
50.4663887,4.418993,1.44
50.4663887,4.4189963,1.44
50.4663887,4.4189997,1.39
50.4663887,4.419003,1.25
50.4663849,4.4190049,1.25
50.4663849,4.4190078,1.26
50.4663849,4.4190097,1.26
50.4663811,4.419013,1.09
50.4663811,4.4190164,1.07
50.4663773,4.4190178,1.23
50.4663773,4.4190197,1.23
50.4663734,4.419023,1.39
50.4663696,4.4190249,1.44
50.4663696,4.4190278,1.44
50.4663696,4.4190297,1.48
50.4663696,4.4190311,1.48
50.4663696,4.419035,1.35
50.4663696,4.4190378,1.45
50.4663696,4.4190397,1.45
50.4663658,4.4190431,1.23
50.4663658,4.4190464,1.23
50.466362,4.4190478,1.22
50.466362,4.4190478,1.33
50.4663544,4.4190478,1.49
50.4663544,4.4190497,1.49
50.4663506,4.4190497,1.25
50.4663506,4.4190512,1.25
50.4663506,4.4190531,1.28
50.4663506,4.4190564,1.3
50.4663467,4.4190578,1.3
50.4663467,4.4190598,1.3
50.4663467,4.4190617,1.3
50.4663467,4.4190631,1.13
50.4663467,4.419065,1.04
50.4663429,4.4190664,0.99
50.4663429,4.4190679,0.99
50.4663429,4.4190712,1.12
50.4663429,4.4190712,1.11
50.4663429,4.4190731,1.11
50.4663429,4.419075,1.32
50.4663429,4.419075,1.32
50.4663429,4.4190764,1.17
50.4663429,4.4190779,1.25
50.4663429,4.4190779,1.25
50.4663429,4.4190798,1.07
50.4663429,4.4190798,1.03
50.4663429,4.4190817,1.17
50.4663429,4.4190817,0.98
50.4663429,4.419085,1.23
50.4663429,4.4190865,1.23
50.4663429,4.4190879,1.22
50.4663467,4.4190898,1.22
50.4663467,4.4190931,1.28
50.4663506,4.4190965,1.22
50.4663506,4.4190979,1.22
50.4663506,4.4190998,1.22
50.4663506,4.4191017,1.22
50.4663506,4.4191031,1.19
50.4663506,4.4191046,1.18
50.4663544,4.4191065,1.05
50.4663582,4.4191079,1.05
50.466362,4.4191098,1.13
50.466362,4.4191113,1.27
50.4663658,4.4191132,1.27
50.4663658,4.4191146,1.36
50.4663696,4.4191165,1.36
50.4663696,4.4191179,1.5
50.4663696,4.4191198,1.72
50.4663696,4.4191217,1.72
50.4663734,4.4191232,1.65
50.4663734,4.4191246,1.65
50.4663773,4.4191265,1.53
50.4663773,4.4191279,1.29
50.4663811,4.4191294,1.21
50.4663811,4.4191313,1.21
50.4663849,4.4191332,1.39
50.4663849,4.4191346,1.39
50.4663849,4.4191365,1.34
50.4663887,4.419138,1.38
50.4663887,4.4191394,1.38
50.4663887,4.4191418,1.17
50.4663887,4.4191432,1.17
50.4663925,4.4191494,1.41
50.4663925,4.4191513,1.28
50.4663963,4.4191546,1.14
50.4663963,4.4191566,1.14
50.4664001,4.4191594,1.39
50.466404,4.4191618,1.36
50.466404,4.4191632,1.36
50.4664078,4.4191666,1.63
50.4664078,4.419168,1.63
50.4664078,4.4191713,1.59
50.4664116,4.4191766,1.64
50.4664116,4.419178,1.64
50.4664154,4.4191818,1.52
50.4664154,4.4191847,1.52
50.4664192,4.4191895,1.48
50.4664192,4.4191933,1.62
50.466423,4.419198,1.72
50.466423,4.4192014,1.72
50.466423,4.4192033,1.77
50.466423,4.4192047,1.77
50.4664268,4.419208,1.52
50.4664268,4.4192095,1.55
50.4664268,4.4192133,1.55
50.4664268,4.4192166,1.69
50.4664268,4.4192181,1.69
50.4664268,4.4192214,1.67
50.4664268,4.4192233,1.67
50.4664268,4.4192262,1.56
50.4664307,4.4192281,1.56
50.4664307,4.4192362,1.55
50.4664307,4.4192395,1.53
50.4664307,4.4192448,1.53
50.4664307,4.4192495,1.48
50.4664307,4.4192548,1.48
50.4664268,4.4192615,1.56
50.4664268,4.4192662,1.55
50.4664268,4.4192734,1.56
50.4664268,4.4192781,1.56
50.4664268,4.4192848,1.56
50.4664268,4.4192896,1.56
50.4664268,4.4192948,1.29
50.4664268,4.4192982,1.36
50.4664268,4.4193034,1.36
50.4664268,4.4193082,1.51
50.4664268,4.4193134,1.51
50.4664268,4.4193163,1.52
50.4664268,4.4193196,1.65
50.4664268,4.419323,1.65
50.4664268,4.4193263,1.43
50.4664268,4.419333,1.59
50.4664307,4.4193363,1.59
50.4664307,4.4193382,1.59
50.4664307,4.4193416,1.68
50.4664307,4.4193449,1.68
50.4664307,4.4193478,1.51
50.4664307,4.4193497,1.65
50.4664307,4.419353,1.65
50.4664307,4.4193563,1.49
50.4664307,4.4193597,1.52
50.4664307,4.419363,1.52
50.4664307,4.4193678,1.8
50.4664307,4.4193711,1.93
50.4664307,4.4193749,1.93
50.4664307,4.4193778,1.61
50.4664307,4.4193816,1.61
50.4664345,4.419385,1.71
50.4664345,4.4193878,1.49
50.4664345,4.4193912,1.49
50.4664345,4.419395,1.77
50.4664345,4.4194016,1.77
50.4664345,4.419405,1.82
50.4664345,4.4194078,1.77
50.4664345,4.4194112,1.77
50.4664345,4.419415,1.77
50.4664383,4.4194164,1.64
50.4664383,4.4194217,1.76
50.4664383,4.4194264,1.76
50.4664383,4.4194298,1.87
50.4664345,4.419435,1.87
50.4664383,4.419435,1.7
50.4664383,4.4194379,1.83
50.4664383,4.4194398,1.83
50.4664383,4.4194417,1.71
50.4664383,4.4194431,1.71
50.4664383,4.4194465,1.74
50.4664383,4.4194479,1.85
50.4664383,4.4194479,1.81
50.4664421,4.4194531,1.81
50.4664421,4.4194546,1.74
50.4664421,4.4194579,1.74
50.4664459,4.4194598,1.73
50.4664459,4.4194613,1.69
50.4664459,4.4194632,1.69
50.4664459,4.4194665,1.62
50.4664459,4.4194679,1.62
50.4664459,4.4194698,1.85
50.4664459,4.4194732,1.74
50.4664497,4.4194765,1.74
50.4664497,4.4194779,1.74
50.4664497,4.4194818,1.59
50.4664497,4.4194832,1.74
50.4664497,4.4194865,1.74
50.4664497,4.4194894,1.72
50.4664497,4.4194913,1.72
50.4664497,4.4194932,1.76
50.4664497,4.4194946,1.68
50.4664497,4.4194965,1.68
50.4664497,4.4194994,1.72
50.4664536,4.4195018,1.72
50.4664536,4.4195032,1.66
50.4664536,4.4195032,1.58
50.4664536,4.4195046,1.68
50.4664536,4.4195065,1.68
50.4664574,4.4195065,1.74
50.4664574,4.4195065,1.74
50.4664574,4.419508,1.83
50.4664612,4.419508,1.51
50.466465,4.4195094,1.51
50.4664688,4.4195094,1.57
50.4664726,4.4195113,1.56
50.4664764,4.4195094,1.56
50.4664803,4.419508,1.56
50.4664879,4.4195065,1.59
50.4664879,4.4195046,1.59
50.4664917,4.4195018,1.61
50.4664955,4.4194994,1.47
50.466507,4.4194965,1.47
50.466507,4.4194965,1.71
50.466507,4.419498,1.71
50.466507,4.419498,1.58
50.466507,4.419498,1.64
50.4665108,4.4194994,1.63
50.4665108,4.4194994,1.66
50.4665108,4.4195018,1.68
50.4665108,4.4195018,1.68
50.4665146,4.4195032,1.35
50.4665146,4.4195032,1.61
50.4665146,4.4195046,1.61
50.4665146,4.4195046,1.64
50.4665146,4.4195065,1.64
50.4665184,4.4195065,1.83
50.466526,4.4195065,1.81
50.4665337,4.4195065,1.81
50.4665413,4.4195065,1.94
50.4665489,4.4195046,1.94
50.4665489,4.4195032,1.87
50.4665527,4.4195018,1.87
50.4665565,4.4195032,1.87
50.4665565,4.4195046,1.87
50.4665604,4.4195046,1.77
50.4665642,4.4195065,1.74
50.466568,4.4195065,1.74
50.466568,4.419508,1.71
50.4665718,4.4195094,1.71
50.4665718,4.4195094,1.79
50.4665756,4.4195113,1.78
50.4665794,4.4195132,1.6
50.4665833,4.4195147,1.6
50.4665871,4.4195166,1.62
50.4665871,4.4195166,1.62
50.4665909,4.419518,1.67
50.4665947,4.4195194,1.6
50.4665985,4.4195194,1.6
50.4666023,4.4195194,1.67
50.4666061,4.4195218,1.67
50.46661,4.4195218,1.56
50.4666138,4.4195218,1.55
50.4666176,4.4195232,1.65
50.4666214,4.4195232,1.65
50.4666252,4.4195247,1.64
50.466629,4.4195266,1.79
50.466629,4.4195266,1.79
50.4666328,4.419528,1.44
50.4666443,4.4195313,1.44
50.4666481,4.4195333,1.44
50.4666481,4.4195313,1.55
50.4666519,4.4195313,1.55
50.4666557,4.4195294,1.42
50.4666595,4.4195294,1.42
50.4666634,4.4195294,1.36
50.4666672,4.4195294,1.52
50.4666672,4.4195313,1.34
50.4666748,4.4195347,1.38
50.4666786,4.4195366,1.71
50.4666824,4.4195366,1.71
50.4666862,4.419538,1.61
50.4666862,4.419538,1.69
50.4666901,4.4195395,1.69
50.4666977,4.4195418,1.65
50.4667053,4.4195433,1.65
50.4667168,4.4195447,1.54
50.4667282,4.4195466,1.58
50.466732,4.419548,1.58
50.4667358,4.419548,1.59
50.4667435,4.4195495,1.44
50.4667473,4.4195495,1.49
50.4667511,4.4195514,1.49
50.4667587,4.4195533,1.76
50.4667625,4.4195547,1.76
50.4667625,4.4195547,1.75
50.4667778,4.419558,1.59
50.4667816,4.4195595,1.59
50.4667854,4.4195614,1.36
50.4667931,4.4195614,1.36
50.4667969,4.4195633,1.43
50.4668045,4.4195614,1.47
50.4668045,4.4195595,1.5
50.4668083,4.4195595,1.5
50.4668121,4.419558,1.61
50.4668159,4.419558,1.61
50.4668198,4.4195566,1.81
50.4668236,4.4195547,1.75
50.4668236,4.4195533,1.75
50.4668274,4.4195533,1.44
50.4668312,4.4195514,1.44
50.4668312,4.419548,1.57
50.466835,4.4195466,1.54
50.4668388,4.4195447,1.54
50.4668427,4.4195395,1.54
50.4668465,4.4195366,1.74
50.4668465,4.4195313,1.77
50.4668465,4.4195294,1.77
50.4668503,4.4195266,1.81
50.4668503,4.4195218,1.81
50.4668503,4.419518,1.81
50.4668541,4.4195147,1.88
50.4668579,4.4195132,1.88
50.4668579,4.419508,1.71
50.4668617,4.419508,1.72
50.4668655,4.4195094,1.72
50.4668655,4.4195065,1.67
50.4668655,4.4195032,1.8
50.4668617,4.419498,1.8
50.4668617,4.4194946,1.59
50.4668579,4.4194894,1.79
50.4668579,4.4194865,1.79
50.4668503,4.4194779,1.79
50.4668465,4.4194713,1.8
50.4668465,4.4194698,1.8
50.4668465,4.4194698,1.72
50.4668465,4.4194698,1.71
50.4668465,4.4194698,1.71
50.4668465,4.4194679,1.77
50.4668427,4.4194665,1.77
50.4668427,4.4194665,1.75
50.4668427,4.4194646,1.63
50.4668427,4.4194646,1.63
50.4668427,4.4194646,1.74
50.4668465,4.4194646,1.55
50.466835,4.4194498,1.55
50.4668274,4.419435,1.76
50.4668198,4.4194198,1.69
50.4668121,4.4194064,1.69
50.4668045,4.419395,1.6
50.4668007,4.419383,1.6
50.4667931,4.4193711,1.69
50.4667854,4.4193597,1.65
50.466774,4.4193382,1.65
50.4667702,4.4193282,1.79
50.4667664,4.4193182,1.79
50.4667625,4.4193096,1.77
50.4667587,4.4192996,1.76
50.4667549,4.4192934,1.76
50.4667511,4.4192848,1.76
50.4667473,4.4192781,1.85
50.4667435,4.419271,1.83
50.4667397,4.4192648,1.83
50.4667358,4.4192595,1.9
50.4667358,4.4192581,1.9
50.4667358,4.4192581,1.72
50.4667358,4.4192581,1.82
50.4667358,4.4192581,1.82
50.4667358,4.4192562,1.61
50.4667358,4.4192562,1.61
50.466732,4.4192562,1.57
50.466732,4.4192562,1.58
50.466732,4.4192562,1.65
50.466732,4.4192562,1.65
50.466732,4.4192548,1.77
50.466732,4.4192548,1.77
50.466732,4.4192548,1.68
50.466732,4.4192548,1.66
50.466732,4.4192548,1.66
50.466732,4.4192533,1.67
50.466732,4.4192533,1.67
50.466732,4.4192533,1.49
50.466732,4.419251,1.5
50.466732,4.4192495,1.82
50.466732,4.4192495,1.82
50.4667282,4.4192495,1.72
50.4667282,4.4192481,1.76
50.4667282,4.4192481,1.76
50.4667282,4.4192462,1.6
50.4667282,4.4192462,1.6
50.4667282,4.4192448,1.68
50.4667282,4.4192448,1.71
50.4667282,4.4192448,1.71
50.4667282,4.4192433,1.6
50.4667282,4.4192433,1.6
50.4667282,4.4192433,1.55
50.4667282,4.4192414,1.54
50.4667282,4.4192414,1.39
50.4667282,4.4192414,1.39
50.4667282,4.4192414,0.55
50.4667282,4.4192395,0.55
50.4667282,4.4192395,1.22
50.4667282,4.4192395,1.51
50.4667244,4.4192381,1.51
50.4667244,4.4192381,1.31
50.4667244,4.4192381,1.31
50.4667244,4.4192362,1.4
50.4667244,4.4192362,1.45
50.4667206,4.4192281,1.63
50.4667168,4.4192195,1.63
50.4667091,4.4192095,1.51
50.4667053,4.4192033,1.42
50.4667015,4.4191966,1.42
50.4666977,4.4191895,1.56
50.4666977,4.4191847,1.56
50.4666939,4.419178,1.91
50.4666862,4.4191732,1.57
50.4666862,4.4191666,1.57
50.4666786,4.4191594,1.6
50.466671,4.4191494,1.6
50.4666672,4.4191465,1.56
50.4666634,4.4191418,1.48
50.4666595,4.4191365,1.57
50.4666519,4.4191332,1.57
50.4666481,4.4191279,1.44
50.4666481,4.4191279,1.44
50.4666481,4.4191279,1.58
50.4666367,4.4191232,1.54
50.4666328,4.4191217,1.54
50.466629,4.4191198,1.8
50.466629,4.4191179,1.73
50.466629,4.4191165,1.74
50.466629,4.4191146,1.74
50.4666252,4.4191113,1.68
50.4666214,4.4191098,1.68
50.4666176,4.4191079,1.82
50.4666176,4.4191065,1.67
50.4666138,4.4191046,1.67
50.4666138,4.4191031,1.94
50.46661,4.4190998,1.94
50.46661,4.4190979,1.65
50.4666061,4.4190965,1.74
50.4666061,4.4190946,1.62
50.4666061,4.4190912,1.62
50.4666061,4.4190898,1.81
50.4666023,4.4190865,1.81
50.4665985,4.419085,1.82
50.4665985,4.4190817,1.6
50.4665947,4.4190779,1.6
50.4665909,4.419075,1.7
50.4665909,4.4190712,1.7
50.4665871,4.4190679,1.66
50.4665871,4.419065,1.73
50.4665871,4.4190617,1.88
50.4665833,4.4190578,1.88
50.4665794,4.419055,1.74
50.4665756,4.4190464,1.78
50.4665718,4.4190431,1.78
50.466568,4.4190397,1.61
50.466568,4.419035,1.61
50.466568,4.4190311,1.98
50.4665642,4.4190264,2.02
50.4665604,4.419023,2.02
50.4665565,4.4190197,1.83
50.4665527,4.4190149,1.83
50.4665489,4.4190063,1.95
50.4665489,4.4190016,2.03
50.4665451,4.4189963,2.02
50.4665451,4.418993,2.02
50.4665413,4.4189897,2.05
50.4665413,4.4189863,2.05
50.4665375,4.4189816,2.08
50.4665337,4.4189782,1.81
50.4665337,4.418973,1.81
50.4665298,4.4189696,1.97
50.4665298,4.4189663,1.97
50.4665298,4.4189634,1.8
50.466526,4.4189582,2.02
50.466526,4.4189548,2.02
50.4665222,4.418951,1.91
50.4665222,4.4189482,1.67
50.4665184,4.4189448,1.99
50.4665146,4.4189396,1.99
50.4665108,4.418931,2.01
50.4665108,4.4189281,2.01
50.466507,4.4189281,1.95
50.466507,4.4189262,1.94
50.466507,4.4189248,1.94
50.466507,4.4189248,1.98
50.466507,4.4189234,1.98
50.4665031,4.4189234,1.6
50.4665031,4.4189215,1.97
50.4664993,4.4189215,1.97
50.4664993,4.4189215,1.73
50.4664993,4.4189196,1.4
50.4664955,4.4189181,1.4
50.4664955,4.4189181,1.96
50.4664955,4.4189162,2.02
50.4664955,4.4189162,2.02
50.4664955,4.4189162,1.79
50.4664955,4.4189134,1.79
50.4664955,4.4189081,1.94
50.4664917,4.4189048,1.89
50.4664917,4.4189014,1.89
50.4664917,4.4188981,1.86
50.4664917,4.4188962,1.9
50.4664879,4.4188933,1.71
50.4664879,4.4188914,1.71
50.4664879,4.4188895,1.74
50.4664879,4.4188881,1.74
50.4664879,4.4188862,1.5
50.4664841,4.4188833,1.68
50.4664841,4.4188814,1.68
50.4664803,4.4188781,1.69
50.4664803,4.4188762,1.69
50.4664764,4.4188733,1.75
50.4664764,4.4188714,1.75
50.4664764,4.4188681,1.79
50.4664726,4.4188666,1.82
50.4664726,4.4188633,1.69
50.4664764,4.4188581,1.69
50.4664803,4.4188566,1.82
50.4664841,4.4188533,1.66
50.4664841,4.4188514,1.66
50.4664879,4.418848,1.57
50.4664879,4.4188447,1.57
50.4664879,4.4188414,1.6
50.4664879,4.418838,1.83
50.4664879,4.4188333,1.85
50.4664879,4.4188294,1.85
50.4664917,4.4188247,1.93
50.4664917,4.4188194,1.83
50.4664917,4.4188147,1.83
50.4664917,4.4188094,2
50.4664955,4.4188066,2
50.4664955,4.4188032,1.84
50.4664955,4.418798,1.87
50.4664993,4.4187946,1.87
50.4664993,4.4187946,1.73
50.4664993,4.4187818,1.64
50.4665031,4.4187779,1.64
50.4664993,4.4187746,1.67
50.4664993,4.4187717,1.56
50.4664955,4.4187679,1.56
50.4664955,4.4187646,1.72
50.4664917,4.4187617,1.72
50.4664917,4.4187579,1.82
50.4664917,4.4187565,1.75
50.4664879,4.4187531,1.75
50.4664879,4.4187498,1.84
50.4664879,4.4187465,1.8
50.4664879,4.4187431,1.87
50.4664841,4.4187379,1.87
50.4664803,4.418735,1.79
50.4664764,4.4187312,1.79
50.4664764,4.4187264,1.76
50.4664726,4.4187231,1.66
50.4664688,4.4187164,1.66
50.4664688,4.4187112,2.12
50.466465,4.4187064,2.12
50.4664612,4.4186997,1.77
50.4664574,4.418695,1.73
50.4664536,4.4186878,1.73
50.4664536,4.4186831,2.15
50.4664497,4.4186764,1.73
50.4664459,4.418663,1.73
50.4664459,4.4186563,2.11
50.4664421,4.4186511,1.78
50.4664345,4.4186449,1.78
50.4664345,4.4186416,2.11
50.4664345,4.4186363,2.11
50.4664383,4.4186311,2.05
50.4664383,4.4186263,1.69
50.4664383,4.4186215,1.69
50.4664383,4.4186163,1.95
50.4664421,4.418611,1.95
50.4664421,4.4186082,1.83
50.4664383,4.4185963,2
50.4664345,4.4185882,2.08
50.4664345,4.4185781,2.08
50.4664307,4.418571,1.84
50.4664307,4.4185696,2.06
50.4664307,4.4185681,2.06
50.4664307,4.4185696,2.25
50.4664268,4.4185681,2.25
50.466423,4.4185615,2.05
50.4664192,4.4185581,2.05
50.4664154,4.4185562,2.05
50.4664154,4.418551,2.1
50.4664078,4.4185333,1.77
50.466404,4.4185181,1.77
50.4663925,4.4185047,1.71
50.4663887,4.4184914,1.92
50.4663887,4.4184833,1.92
50.4663849,4.4184766,1.91
50.4663773,4.418468,1.91
50.4663734,4.4184618,2.02
50.4663696,4.4184465,1.9
50.4663658,4.4184394,1.9
50.466362,4.4184313,2.01
50.4663544,4.4184217,2.01
50.4663506,4.4184113,1.89
50.4663429,4.4184012,1.89
50.4663391,4.4183931,2.06
50.4663353,4.4183831,2.06
50.4663315,4.418375,2.19
50.4663315,4.4183679,2.06
50.4663277,4.4183617,2.06
50.4663239,4.418355,2.05
50.46632,4.4183478,2.05
50.4663162,4.4183416,2.06
50.4663124,4.418335,2.16
50.4663086,4.4183278,2.16
50.4663086,4.4183197,2.01
50.4663086,4.4183111,2.11
50.4662971,4.418293,2.11
50.4662971,4.418283,2.22
50.4662933,4.418273,2.39
50.4662933,4.4182663,2.39
50.4662895,4.4182596,2
50.4662895,4.4182534,2
50.4662895,4.4182463,1.81
50.4662895,4.4182396,1.91
50.4662895,4.4182348,1.91
50.4662857,4.4182262,1.89
50.4662819,4.4182181,1.89
50.4662781,4.4182081,1.97
50.4662743,4.4181981,1.79
50.4662704,4.4181933,1.57
50.4662704,4.4181881,1.57
50.4662704,4.4181833,1.68
50.4662704,4.4181781,1.56
50.4662666,4.4181733,1.56
50.4662666,4.4181666,1.59
50.4662628,4.4181614,1.59
50.466259,4.4181566,1.71
50.466259,4.4181514,1.57
50.4662552,4.4181466,1.85
50.4662514,4.4181414,1.85
50.4662514,4.4181347,1.86
50.4662514,4.418128,1.86
50.4662476,4.4181232,1.82
50.4662476,4.4181166,1.6
50.4662437,4.4181113,1.6
50.4662361,4.4180994,1.71
50.4662323,4.4180946,1.71
50.4662323,4.4180865,1.71
50.4662285,4.4180794,1.75
50.4662247,4.4180732,1.99
50.4662209,4.4180646,1.99
50.466217,4.4180565,2.06
50.4662132,4.4180498,1.72
50.4662132,4.4180431,1.72
50.4662132,4.4180298,1.7
50.4662094,4.4180231,1.7
50.4662132,4.4180164,1.76
50.4662132,4.4180098,1.86
50.4662094,4.4180031,1.86
50.4662132,4.4179978,1.95
50.4662132,4.4179912,1.95
50.4662094,4.417985,1.5
50.4662094,4.4179778,1.42
50.4662094,4.4179711,1.52
50.4662056,4.4179649,1.52
50.4662056,4.4179578,1.58
50.4662018,4.4179511,1.58
50.466198,4.4179449,1.6
50.4661942,4.4179382,1.75
50.4661942,4.417933,1.75
50.4661903,4.4179263,1.98
50.4661903,4.4179196,1.98
50.4661903,4.4179134,2
50.4661865,4.4178996,1.9
50.4661827,4.417891,1.82
50.4661751,4.4178834,1.82
50.4661713,4.4178762,1.74
50.4661713,4.4178681,1.9
50.4661713,4.4178615,1.9
50.4661674,4.4178548,1.71
50.4661636,4.4178481,1.71
50.4661636,4.4178414,1.92
50.466156,4.4178348,1.46
50.466156,4.4178295,1.46
50.4661522,4.4178247,1.21
50.4661522,4.4178181,1.21
50.4661522,4.4178133,2.01
50.4661522,4.4178095,1.99
50.4661522,4.4178066,1.99
50.4661522,4.4178033,1.86
50.4661522,4.4178014,1.94
50.4661522,4.4177966,1.94
50.4661484,4.4177933,1.87
50.4661484,4.4177895,1.87
50.4661446,4.417788,1.87
50.4661446,4.4177847,1.24
50.4661407,4.4177833,1.24
50.4661369,4.4177794,1.57
50.4661369,4.417778,1.53
50.4661331,4.4177747,1.53
50.4661331,4.4177732,1.21
50.4661293,4.4177713,1.61
50.4661293,4.4177694,1.92
50.4661255,4.417768,1.92
50.4661255,4.4177666,2.13
50.4661179,4.4177647,2.13
50.466114,4.4177632,1.78
50.4661102,4.4177594,1.45
50.4661102,4.4177566,1.45
50.4661064,4.4177547,1.42
50.4661026,4.4177532,1.42
50.4661026,4.4177494,1.16
50.4660988,4.417748,1.3
50.4660988,4.4177465,1.32
50.4660988,4.4177432,1.32
50.466095,4.4177394,1.18
50.4660912,4.417738,1.18
50.4660912,4.4177346,1.25
50.4660912,4.4177346,1.86
50.4660912,4.4177313,1.86
50.4660873,4.4177294,1.52
50.4660873,4.4177265,1.52
50.4660873,4.4177232,1.28
50.4660835,4.4177194,1.45
50.4660797,4.4177146,1.68
50.4660759,4.4177117,1.68
50.4660721,4.4177079,1.55
50.4660721,4.4177032,1.61
50.4660721,4.4176998,1.61
50.4660683,4.4176965,1.78
50.4660645,4.4176946,1.78
50.4660645,4.4176912,1.62
50.4660606,4.4176898,1.68
50.4660568,4.4176879,1.68
50.4660568,4.417685,1.39
50.466053,4.4176817,1.02
50.4660492,4.417675,1.02
50.4660492,4.4176712,0.82
50.4660454,4.4176698,1.02
50.4660416,4.4176664,1.02
50.4660416,4.417665,0.9
50.4660339,4.4176598,0.9
50.4660301,4.4176564,1.38
50.4660301,4.4176531,1.87
50.4660301,4.4176497,1.87
50.4660225,4.4176464,0.99
50.4660187,4.4176431,1.74
50.4660149,4.4176397,1.36
50.466011,4.417635,1.36
50.466011,4.4176297,1.52
50.466011,4.417623,1.52
50.4660072,4.4176178,1.69
50.4660034,4.4176149,1.85
50.4660034,4.4176111,1.85
50.4659996,4.4176078,1.68
50.4659958,4.417603,1.68
50.4659958,4.4175978,2.01
50.465992,4.4175911,1.54
50.465992,4.4175863,1.54
50.465992,4.4175816,1.42
50.4659843,4.4175749,1.41
50.4659843,4.4175749,1.34
50.4659653,4.4175563,1.16
50.4659576,4.417551,1.95
50.4659538,4.4175448,1.95
50.4659462,4.4175382,1.89
50.4659424,4.4175334,1.89
50.4659348,4.4175282,2.07
50.4659309,4.4175234,2.06
50.4659271,4.4175181,2.06
50.4659233,4.4175134,1.9
50.4659157,4.4175081,1.9
50.4659119,4.4175014,1.24
50.4659119,4.4174995,1.24
50.4659119,4.4174962,1.25
50.4659081,4.4174933,1.25
50.4659081,4.4174914,1.17
50.4659042,4.4174895,1.37
50.4659042,4.4174862,1.37
50.4659004,4.4174848,1.43
50.4659004,4.4174814,1.43
50.4658966,4.4174795,1.24
50.4658966,4.4174781,1.44
50.4658928,4.4174762,1.44
50.4658928,4.4174762,1.34
50.465889,4.4174762,1.34
50.465889,4.4174747,1.34
50.4658852,4.4174747,1.24
50.4658852,4.4174733,1.24
50.4658775,4.4174695,1.04
50.4658813,4.4174695,2.05
50.4658813,4.4174662,2.05
50.4658852,4.4174647,1.89
50.465889,4.4174633,1
50.465889,4.4174595,1
50.465889,4.4174581,0.73
50.4658928,4.4174566,0.73
50.4658928,4.4174547,0.81
50.4658852,4.4174533,1.31
50.4658775,4.4174495,1.31
50.4658737,4.417448,1.38
50.4658737,4.4174466,1.84
50.4658737,4.4174466,1.94
50.4658699,4.4174447,1.94
50.4658661,4.4174433,1.94
50.4658623,4.4174433,1.94
50.4658623,4.4174433,2.05
50.4658585,4.4174414,2.23
50.4658546,4.4174414,2.23
50.4658546,4.4174395,1.93
50.4658508,4.4174395,1.93
50.4658508,4.4174395,2.11
50.465847,4.4174395,2.1
50.4658432,4.4174395,1.6
50.4658356,4.4174395,1.6
50.4658356,4.4174395,1.57
50.4658318,4.4174395,1.57
50.4658318,4.4174395,1.13
50.4658279,4.4174414,0.84
50.4658279,4.4174395,0.84
50.4658241,4.417438,0.85
50.4658241,4.417438,0.85
50.4658241,4.4174366,1.39
50.4658203,4.4174366,1.23
50.4658203,4.417438,1.23
50.4658165,4.4174395,1.42
50.4658165,4.4174395,1.29
50.4658127,4.4174395,1.56
50.4658127,4.4174395,1.56
50.4658127,4.4174395,1.5
50.4658089,4.4174395,1.5
50.4658051,4.4174395,1.76
50.4658051,4.4174395,1.59
50.4657974,4.417438,1.59
50.4657974,4.4174395,1.65
50.4657974,4.4174395,1.65
50.4657936,4.4174414,1.79
50.4657936,4.4174414,2.06
50.4657898,4.4174433,1.95
50.465786,4.4174433,1.95
50.465786,4.4174447,1.98
50.4657822,4.4174447,1.98
50.4657822,4.4174466,2.01
50.4657784,4.417448,2.13
50.4657784,4.417448,2.13
50.4657745,4.4174495,2.13
50.4657745,4.4174514,2.02
50.4657745,4.4174533,1.95
50.4657745,4.4174566,1.95
50.4657707,4.4174581,1.88
50.4657707,4.4174614,1.88
50.4657669,4.4174633,1.79
50.4657631,4.4174614,1.9
50.4657555,4.4174614,1.9
50.4657555,4.4174595,2.01
50.4657555,4.4174581,2.01
50.4657516,4.4174566,1.79
50.4657478,4.4174547,1.87
50.4657402,4.4174514,1.87
50.4657402,4.4174495,2.15
50.4657364,4.4174495,2.28
50.4657326,4.4174495,2.28
50.4657326,4.4174495,2.38
50.4657326,4.4174495,2.47
50.4657288,4.4174495,2.47
50.4657249,4.4174466,2.6
50.4657211,4.4174466,2.6
50.4657173,4.4174447,2.56
50.4657135,4.4174433,2.79
50.4657135,4.4174414,2.79
50.4657097,4.4174414,2.8
50.4657059,4.4174414,3.1
50.4657021,4.4174395,3.14
50.4656944,4.4174395,2.84
50.4656944,4.4174395,2.77
50.4656906,4.417438,2.77
50.4656868,4.4174395,3.17
50.465683,4.4174395,2.86
50.465683,4.4174395,2.86
50.4656792,4.4174414,2.74
50.4656754,4.4174433,2.74
50.4656754,4.4174466,2.64
50.4656754,4.417448,2.98
50.4656754,4.4174533,2.98
50.4656754,4.4174566,3.01
50.4656754,4.4174581,3.01
50.4656754,4.4174614,3.09
50.4656754,4.4174647,3.05
50.4656754,4.4174662,2.88
50.4656754,4.4174695,2.88
50.4656754,4.4174747,3.12
50.4656754,4.4174781,3.12
50.4656754,4.4174814,3.09
50.4656754,4.4174848,2.94
50.4656754,4.4174862,2.94
50.4656754,4.4174814,2.89
50.4656715,4.4174795,2.89
50.4656677,4.4174762,3.24
50.4656639,4.4174733,3.16
50.4656601,4.4174714,3.19
50.4656563,4.4174695,3.19
50.4656563,4.4174681,3.22
50.4656525,4.4174695,3.33
50.4656525,4.4174695,3.33
50.4656487,4.4174714,3.11
50.4656487,4.4174733,3.11
50.4656448,4.4174733,3.19
50.465641,4.4174733,3.23
50.4656372,4.4174733,3.23
50.4656372,4.4174747,3.35
50.4656334,4.4174747,3.37
50.4656334,4.4174781,3.37
50.4656334,4.4174781,3.35
50.4656258,4.4174747,3.33
50.4656219,4.4174695,3.33
50.4656143,4.4174647,3.24
50.4656143,4.4174614,3.24
50.4656067,4.4174581,3.2
50.4656067,4.4174595,3.22
50.4656029,4.4174614,3.22
50.4656029,4.4174633,3.4
50.4655991,4.4174647,3.34
50.4655952,4.4174662,3.34
50.4655952,4.4174681,3.44
50.4655952,4.4174681,3.54
50.4655952,4.4174681,3.54
50.4655914,4.4174681,3.62
50.4655914,4.4174681,3.14
50.4655838,4.4174695,3.14
50.46558,4.4174695,3.25
50.4655762,4.4174681,3.25
50.4655724,4.4174614,3.18
50.4655647,4.4174533,3.28
50.4655571,4.4174466,3.28
50.4655533,4.4174414,3.33
50.4655457,4.417438,3.33
50.4655418,4.4174347,3.4
50.4655342,4.4174294,3.53
50.4655304,4.4174232,3.26
50.4655228,4.417418,3.26
50.4655151,4.4174132,3.5
50.4655113,4.417408,3.5
50.4655075,4.4174047,3.41
50.4655037,4.4174018,3.31
50.4654999,4.4174032,3.44
50.4654961,4.4174047,3.44
50.4654961,4.4174047,3.32
50.4654961,4.4174066,3.27
50.4654922,4.4174066,3.27
50.4654922,4.417408,3.21
50.4654846,4.4174018,3.21
50.465477,4.4173946,3.32
50.4654694,4.417388,3.42
50.4654655,4.4173832,3.42
50.4654579,4.4173794,3.38
50.4654541,4.4173746,3.38
50.4654503,4.4173713,3.24
50.465435,4.4173617,3.3
50.465435,4.4173579,3.36
50.4654312,4.4173546,3.36
50.4654274,4.4173532,3.34
50.4654236,4.4173498,3.34
50.4654198,4.4173498,3.25
50.465416,4.4173498,3.4
50.465416,4.4173498,3.4
50.465416,4.4173479,3.38
50.4654083,4.4173465,3.38
50.4654083,4.4173498,3.16
50.4654083,4.4173532,3.17
50.4654045,4.4173565,3.35
50.4654045,4.4173598,3.35
50.4654007,4.4173598,3.26
50.4654007,4.4173632,3.15
50.4653969,4.4173632,3.15
50.4653969,4.4173665,3.26
50.4653931,4.4173694,3.26
50.4653931,4.4173732,3.18
50.4653893,4.4173732,3.33
50.4653854,4.4173765,3.33
50.4653816,4.4173765,3.3
50.4653816,4.4173818,3.3
50.4653778,4.4173846,3.17
50.4653778,4.417388,3.19
50.4653778,4.417388,2.96
50.4653702,4.417398,2.96
50.4653702,4.4174032,3.02
50.4653664,4.4174066,3.02
50.4653664,4.4174094,3.16
50.4653625,4.4174132,3.13
50.4653587,4.4174132,3.13
50.4653549,4.4174132,3.08
50.4653549,4.4174147,3.08
50.4653549,4.4174147,3.22
50.4653511,4.4174147,3.04
50.4653473,4.4174166,3.04
50.4653435,4.4174166,3.12
50.4653397,4.4174166,3.02
50.4653358,4.4174166,3.11
50.4653358,4.417418,3.11
50.4653282,4.4174218,3.33
50.4653244,4.4174232,3.33
50.4653168,4.4174247,3.21
50.4653168,4.4174266,3
50.465313,4.417428,3
50.4653091,4.417428,2.9
50.4653053,4.4174294,2.9
50.4653015,4.4174294,3.15
50.4652977,4.417428,3.22
50.4652977,4.4174294,3.13
50.4652939,4.4174294,3.13
50.4652901,4.4174294,3.21
50.4652901,4.417428,3.21
50.4652824,4.4174247,3.23
50.4652786,4.4174247,3.04
50.4652786,4.4174232,3.04
50.4652748,4.4174218,3.06
50.4652748,4.4174218,3.06
50.465271,4.4174194,3.15
50.465271,4.4174194,3.23
50.4652672,4.4174194,3.23
50.4652634,4.4174194,3.16
50.4652596,4.4174194,3.23
50.4652557,4.417418,2.97
50.4652519,4.4174194,2.97
50.4652481,4.4174194,3.15
50.4652443,4.4174194,3.15
50.4652443,4.4174194,3.13
50.4652405,4.4174194,3.32
50.4652367,4.4174194,3.32
50.4652367,4.4174218,3.16
50.4652328,4.4174218,3.17
50.4652328,4.4174218,3.17
50.465229,4.4174232,3.2
50.4652252,4.4174218,3.21
50.4652252,4.4174218,3.21
50.4652214,4.4174194,3.01
50.4652176,4.4174194,3.01
50.4652176,4.4174194,3.31
50.4652176,4.4174194,3.18
50.4652138,4.4174218,3.18
50.46521,4.4174218,3.15
50.46521,4.4174232,3.15
50.4652061,4.4174232,3.19
50.4652023,4.4174232,3.24
50.4652023,4.4174266,3.07
50.4651985,4.4174266,3.07
50.4651947,4.417428,3.18
50.4651909,4.417428,2.99
50.4651909,4.417428,2.99
50.4651871,4.4174266,3.03
50.4651833,4.4174266,3.03
50.4651794,4.4174266,2.93
50.4651794,4.4174247,3.08
50.4651756,4.4174247,3.23
50.4651718,4.4174232,3.23
50.4651642,4.4174218,3.27
50.4651604,4.4174218,3.27
50.4651527,4.4174194,3.2
50.4651375,4.4174147,3.15
50.4651337,4.4174147,3.15
50.4651337,4.4174147,3.38
50.4651299,4.4174166,3.38
50.4651299,4.4174166,3.3
50.465126,4.4174166,3.05
50.4651222,4.417418,3.05
50.4651184,4.417418,3.3
50.4651184,4.417418,3.13
50.4651146,4.417418,3.13
50.4651146,4.417418,2.91
50.465107,4.417418,3.2
50.4651031,4.417418,3.2
50.4650993,4.4174194,3.33
50.4650993,4.4174194,3.09
50.4650993,4.4174218,3.09
50.4650993,4.4174218,3.05
50.4650955,4.4174194,3.05
50.4650917,4.4174194,3.16
50.4650917,4.4174194,3.17
50.4650879,4.4174218,3.17
50.4650879,4.4174218,2.86
50.4650841,4.4174232,2.87
50.4650803,4.4174232,2.87
50.4650803,4.4174247,3.01
50.4650764,4.4174266,2.92
50.4650764,4.417428,2.92
50.4650764,4.417428,2.93
50.4650726,4.4174294,2.93
50.4650726,4.4174333,3.24
50.4650688,4.4174347,3.02
50.4650688,4.4174366,3.02
50.465065,4.4174395,2.88
50.465065,4.4174414,2.88
50.4650612,4.4174433,2.95
50.4650612,4.4174447,2.95
50.4650574,4.4174466,2.83
50.4650574,4.417448,2.83
50.4650574,4.4174514,3.07
50.4650536,4.4174533,2.99
50.4650536,4.4174547,2.99
50.4650497,4.4174566,2.94
50.4650459,4.4174581,2.94
50.4650459,4.4174595,3.06
50.4650421,4.4174614,2.75
50.4650421,4.4174633,2.75
50.4650383,4.4174681,2.99
50.4650345,4.4174695,3.02
50.4650345,4.4174733,3.02
50.4650307,4.4174747,3.24
50.4650269,4.4174762,2.97
50.4650269,4.4174795,2.97
50.465023,4.4174814,2.97
50.465023,4.4174833,2.97
50.4650192,4.4174862,3.13
50.4650192,4.4174895,2.99
50.4650192,4.4174914,2.99
50.4650154,4.4174948,3.12
50.4650154,4.4174962,3.2
50.4650116,4.4174995,3.24
50.4650116,4.4175014,3.24
50.4650078,4.4175048,3.44
50.4650078,4.4175062,3.44
50.465004,4.4175081,3.41
50.465004,4.4175096,3.34
50.465004,4.4175134,3.34
50.4650002,4.4175148,3.37
50.4650002,4.4175162,3.37
50.4649963,4.4175181,3.31
50.4649963,4.4175196,3.01
50.4650002,4.4175234,3.01
50.4650002,4.4175248,3.34
50.4650002,4.4175262,3.16
50.4650002,4.4175282,3.16
50.4650002,4.4175296,3.24
50.4650002,4.417531,3.11
50.4650002,4.4175334,3.11
50.4650002,4.4175363,3.1
50.4650002,4.4175363,3.1
50.4650002,4.4175382,3.03
50.4650002,4.4175396,2.89
50.4650002,4.4175415,2.89
50.4650002,4.4175434,2.99
50.4650002,4.4175463,2.99
50.4650002,4.4175482,2.84
50.4650002,4.4175496,3.14
50.4650002,4.417551,3
50.4650002,4.4175534,3
50.4650002,4.4175563,2.95
50.4650002,4.4175596,2.83
50.4650002,4.4175615,2.83
50.4650002,4.4175649,2.89
50.4650002,4.4175682,2.89
50.4650002,4.4175696,2.93
50.465004,4.4175711,2.9
50.465004,4.4175749,2.64
50.465004,4.4175763,2.64
50.4650078,4.4175797,2.84
50.4650078,4.4175816,2.84
50.4650078,4.417583,2.85
50.4650078,4.4175863,2.83
50.4650116,4.4175897,2.83
50.4650116,4.417593,2.97
50.4650116,4.4175949,2.97
50.4650116,4.4175978,3.07
50.4650116,4.4175997,2.92
50.4650154,4.417603,2.9
50.4650154,4.4176049,2.9
50.4650154,4.4176064,3.09
50.4650154,4.4176078,3.07
50.4650154,4.4176097,3.07
50.4650154,4.4176111,3.24
50.4650192,4.417613,3.24
50.4650192,4.4176149,3.05
50.4650192,4.4176164,3.03
50.4650192,4.4176178,3.03
50.4650192,4.4176197,3.25
50.4650192,4.4176216,3.25
50.4650192,4.417623,2.98
50.4650192,4.417625,2.85
50.4650154,4.4176278,2.88
50.4650154,4.4176297,2.88
50.4650154,4.4176311,2.96
50.4650154,4.4176331,2.96
50.4650154,4.4176364,2.96
50.4650154,4.4176378,3.13
50.4650154,4.4176397,3.13
50.4650116,4.4176416,3.05
50.4650116,4.4176416,3.05
50.4650116,4.4176464,2.85
50.4650116,4.4176478,2.89
50.4650116,4.4176497,2.89
50.4650116,4.4176512,3.14
50.4650116,4.4176531,2.8
50.4650116,4.417655,3.14
50.4650078,4.4176564,3.14
50.4650078,4.4176579,3.1
50.4650078,4.4176598,3.1
50.4650078,4.4176617,3.08
50.4650078,4.4176631,2.96
50.4650078,4.417665,2.96
50.4650078,4.4176664,3.12
50.4650078,4.4176679,3.12
50.4650078,4.4176698,3.12
50.465004,4.4176712,2.93
50.465004,4.417675,2.98
50.465004,4.4176764,2.98
50.465004,4.4176779,3.08
50.465004,4.4176798,3.08
50.465004,4.4176817,3.12
50.465004,4.4176831,3.34
50.465004,4.417685,3.34
50.465004,4.4176865,3.32
50.4650002,4.4176879,3.32
50.4650002,4.4176898,3.1
50.4650002,4.4176979,3.21
50.4650002,4.4176998,3.3
50.4650002,4.4177032,3.3
50.4650002,4.4177046,3.12
50.4650002,4.4177065,3.1
50.4650002,4.4177079,3.1
50.4650002,4.4177117,3.14
50.4650002,4.4177132,3.14
50.4650002,4.4177146,3.25
50.4650002,4.4177165,3.37
50.4650002,4.4177179,3.37
50.4650002,4.4177194,3.31
50.4650002,4.4177232,3.28
50.4650002,4.4177246,3.28
50.4650002,4.4177265,3.49
50.4649963,4.4177294,3.28
50.4649963,4.4177313,3.28
50.4649963,4.4177346,3.34
50.4649963,4.4177365,3.34
50.4649963,4.417738,3.14
50.4649963,4.4177394,3.3
50.4649963,4.4177432,3.3
50.4649963,4.4177446,3.21
50.4649963,4.4177666,3.21
50.4649963,4.417768,3.47